   0.00000000  0.00000000  0.00000000
   0.00610352  0.00000000  0.00000000
   0.01220703  0.00000000  0.00000000
   0.01831055  0.00000000  0.00000000
   0.02441406  0.00006748  0.00015588
   0.03051758  0.00021819  0.00047168
   0.03662109  0.00045401  0.00099425
   0.04272461  0.00077856  0.00173723
   0.04882812  0.00121487  0.00271150
   0.05493164  0.00177574  0.00393544
   0.06103516  0.00250616  0.00549262
   0.06713867  0.00342515  0.00739134
   0.07324219  0.00455803  0.00965640
   0.07934570  0.00571712  0.01183611
   0.08544922  0.00689278  0.01393640
   0.09155273  0.00813373  0.01582683
   0.09765625  0.00943488  0.01747885
   0.10375977  0.01074159  0.01888268
   0.10986328  0.01202149  0.01998322
   0.11596680  0.01315020  0.02053124
   0.12207031  0.01431898  0.02074126
   0.12817383  0.01546277  0.02056850
   0.13427734  0.01674649  0.02043864
   0.14038086  0.01810863  0.02031638
   0.14648438  0.01939322  0.02031339
   0.15258789  0.02060957  0.02043745
   0.15869141  0.02178476  0.02065514
   0.16479492  0.02295167  0.02102248
   0.17089844  0.02424235  0.02178741
   0.17700195  0.02497228  0.02225691
   0.18310547  0.02518481  0.02241684
   0.18920898  0.02483902  0.02214218
   0.19531250  0.02404309  0.02148280
   0.20141602  0.02297115  0.02045689
   0.20751953  0.02160762  0.01907880
   0.21362305  0.01996903  0.01740386
   0.21972656  0.01802612  0.01541242
   0.22583008  0.01568083  0.01302285
   0.23193359  0.01366629  0.01095403
   0.23803711  0.01199608  0.00927250
   0.24414062  0.01067345  0.00798095
   0.25024414  0.00963211  0.00703845
   0.25634766  0.00877297  0.00632313
   0.26245117  0.00815832  0.00588160
   0.26855469  0.00777734  0.00569114
   0.27465820  0.00766223  0.00575779
   0.28076172  0.00789237  0.00608643
   0.28686523  0.00817836  0.00640904
   0.29296875  0.00853539  0.00672359
   0.29907227  0.00896270  0.00703600
   0.30517578  0.00943934  0.00734895
   0.31127930  0.01000683  0.00777499
   0.31738281  0.01047952  0.00815224
   0.32348633  0.01085524  0.00846920
   0.32958984  0.01110151  0.00870610
   0.33569336  0.01116867  0.00884220
   0.34179688  0.01110305  0.00890614
   0.34790039  0.01078833  0.00879730
   0.35400391  0.01019422  0.00846760
   0.36010742  0.00938409  0.00794764
   0.36621094  0.00834986  0.00720147
   0.37231445  0.00729712  0.00639259
   0.37841797  0.00622755  0.00554040
   0.38452148  0.00516696  0.00466682
   0.39062500  0.00413980  0.00379593
   0.39672852  0.00313101  0.00291875
   0.40283203  0.00226972  0.00214235
   0.40893555  0.00159464  0.00152012
   0.41503906  0.00107689  0.00103518
   0.42114258  0.00071334  0.00068653
   0.42724609  0.00042953  0.00041872
   0.43334961  0.00022474  0.00022355
   0.43945312  0.00008939  0.00009320
   0.44555664  0.00001473  0.00001880
   0.45166016  0.00000000  0.00000000
   0.45776367  0.00000000  0.00000000
   0.46386719  0.00000000  0.00000000
   0.46997070  0.00000000  0.00000000
   0.47607422  0.00000000  0.00000000
   0.48217773  0.00000000  0.00000000
   0.48828125  0.00000000  0.00000000
   0.49438477  0.00000000  0.00000000
   0.50048828  0.00000000  0.00000000
   0.50659180  0.00000000  0.00000000
   0.51269531  0.00000000  0.00000000
   0.51879883  0.00000000  0.00000000
   0.52490234  0.00000000  0.00000000
   0.53100586  0.00000000  0.00000000
   0.53710938  0.00000000  0.00000000
   0.54321289  0.00000000  0.00000000
   0.54931641  0.00000000  0.00000000
   0.55541992  0.00000000  0.00000000
   0.56152344  0.00000000  0.00000000
   0.56762695  0.00000000  0.00000000
   0.57373047  0.00000000  0.00000000
   0.57983398  0.00000000  0.00000000
   0.58593750  0.00000000  0.00000000
   0.59204102  0.00000000  0.00000000
   0.59814453  0.00000000  0.00000000
   0.60424805  0.00000000  0.00000000
   0.61035156  0.00000000  0.00000000
   0.61645508  0.00000000  0.00000000
   0.62255859  0.00000000  0.00000000
   0.62866211  0.00000000  0.00000000
   0.63476562  0.00000000  0.00000000
   0.64086914  0.00000000  0.00000000
   0.64697266  0.00000000  0.00000000
   0.65307617  0.00000000  0.00000000
   0.65917969  0.00000000  0.00000000
   0.66528320  0.00000000  0.00000000
   0.67138672  0.00000000  0.00000000
   0.67749023  0.00000000  0.00000000
   0.68359375  0.00000000  0.00000000
   0.68969727  0.00000000  0.00000000
   0.69580078  0.00000000  0.00000000
   0.70190430  0.00000000  0.00000000
   0.70800781  0.00000000  0.00000000
   0.71411133  0.00000000  0.00000000
   0.72021484  0.00000000  0.00000000
   0.72631836  0.00000000  0.00000000
   0.73242188  0.00000000  0.00000000
   0.73852539  0.00000000  0.00000000
   0.74462891  0.00000000  0.00000000
