2	1024	0.02
1	2		
6E-06	0	
8E-06	0	
9E-06	1E-06	
1.1E-05	2E-06	
1.4E-05	2E-06	
1.6E-05	3E-06	
1.9E-05	4E-06	
2.2E-05	5E-06	
2.5E-05	7E-06	
2.8E-05	8E-06	
3.2E-05	9E-06	
3.6E-05	1.1E-05	
4E-05	1.3E-05	
4.5E-05	1.5E-05	
5.1E-05	1.7E-05	
5.6E-05	1.9E-05	
6.2E-05	2.2E-05	
6.9E-05	2.5E-05	
7.6E-05	2.8E-05	
8.3E-05	3.1E-05	
9.1E-05	3.5E-05	
1E-04	3.9E-05	
0.000109	4.3E-05	
0.000119	4.8E-05	
0.00013	5.2E-05	
0.000141	5.8E-05	
0.000153	6.3E-05	
0.000166	7E-05	
0.00018	7.6E-05	
0.000194	8.3E-05	
0.000209	9.1E-05	
0.000226	9.8E-05	
0.000243	0.000107	
0.000261	0.000116	
0.00028	0.000126	
0.0003	0.000136	
0.000321	0.000147	
0.000344	0.000159	
0.000367	0.000171	
0.000392	0.000184	
0.000418	0.000198	
0.000445	0.000212	
0.000474	0.000228	
0.000504	0.000244	
0.000535	0.000261	
0.000568	0.000279	
0.000602	0.000298	
0.000638	0.000318	
0.000675	0.000339	
0.000714	0.000362	
0.000754	0.000385	
0.000796	0.000409	
0.000839	0.000435	
0.000885	0.000461	
0.000932	0.000489	
0.00098	0.000519	
0.00103	0.000549	
0.001082	0.000581	
0.001136	0.000614	
0.001191	0.000649	
0.001248	0.000685	
0.001307	0.000722	
0.001368	0.000761	
0.00143	0.000801	
0.001494	0.000843	
0.00156	0.000887	
0.001627	0.000932	
0.001696	0.000978	
0.001767	0.001027	
0.001839	0.001076	
0.001913	0.001128	
0.001988	0.001181	
0.002065	0.001236	
0.002143	0.001292	
0.002222	0.00135	
0.002302	0.00141	
0.002384	0.001471	
0.002467	0.001534	
0.00255	0.001598	
0.002635	0.001664	
0.00272	0.001732	
0.002806	0.001801	
0.002893	0.001871	
0.002979	0.001943	
0.003067	0.002017	
0.003154	0.002092	
0.003241	0.002168	
0.003328	0.002245	
0.003415	0.002324	
0.003501	0.002403	
0.003587	0.002484	
0.003672	0.002566	
0.003756	0.002648	
0.003838	0.002731	
0.003919	0.002816	
0.003999	0.0029	
0.004076	0.002985	
0.004152	0.003071	
0.004225	0.003157	
0.004296	0.003242	
0.004364	0.003328	
0.004429	0.003414	
0.004491	0.003499	
0.00455	0.003584	
0.004605	0.003669	
0.004656	0.003752	
0.004703	0.003835	
0.004746	0.003916	
0.004785	0.003996	
0.004818	0.004075	
0.004847	0.004152	
0.004871	0.004227	
0.004889	0.004301	
0.004902	0.004371	
0.004908	0.00444	
0.00491	0.004506	
0.004905	0.004569	
0.004893	0.004629	
0.004875	0.004685	
0.004851	0.004739	
0.00482	0.004788	
0.004782	0.004834	
0.004737	0.004875	
0.004685	0.004913	
0.004625	0.004946	
0.004559	0.004974	
0.004485	0.004998	
0.004405	0.005016	
0.004317	0.005029	
0.004221	0.005037	
0.004119	0.00504	
0.004009	0.005037	
0.003893	0.005028	
0.003769	0.005013	
0.003639	0.004991	
0.003502	0.004964	
0.003358	0.00493	
0.003209	0.00489	
0.003053	0.004843	
0.002892	0.00479	
0.002725	0.00473	
0.002553	0.004663	
0.002377	0.00459	
0.002196	0.00451	
0.002011	0.004423	
0.001822	0.00433	
0.00163	0.00423	
0.001436	0.004124	
0.001239	0.004011	
0.001041	0.003892	
0.000841	0.003767	
0.000641	0.003635	
0.000442	0.003498	
0.000243	0.003356	
4.5E-05	0.003207	
-0.000151	0.003054	
-0.000344	0.002896	
-0.000534	0.002733	
-0.000719	0.002566	
-0.0009	0.002395	
-0.001076	0.002221	
-0.001245	0.002043	
-0.001407	0.001862	
-0.001562	0.001679	
-0.001708	0.001494	
-0.001845	0.001308	
-0.001973	0.001121	
-0.00209	0.000933	
-0.002196	0.000745	
-0.00229	0.000558	
-0.002372	0.000372	
-0.002441	0.000187	
-0.002496	5E-06	
-0.002536	-0.000174	
-0.002562	-0.00035	
-0.002573	-0.000521	
-0.002568	-0.000688	
-0.002547	-0.000849	
-0.002508	-0.001004	
-0.002452	-0.001153	
-0.002378	-0.001294	
-0.002286	-0.001428	
-0.002175	-0.001553	
-0.002047	-0.001668	
-0.001899	-0.001775	
-0.001733	-0.00187	
-0.001547	-0.001955	
-0.001344	-0.002029	
-0.001121	-0.002091	
-0.00088	-0.00214	
-0.00062	-0.002176	
-0.000343	-0.002199	
-4.7E-05	-0.002208	
0.000265	-0.002203	
0.000595	-0.002182	
0.00094	-0.002147	
0.001301	-0.002096	
0.001677	-0.002028	
0.002067	-0.001945	
0.00247	-0.001846	
0.002886	-0.00173	
0.003312	-0.001597	
0.003748	-0.001448	
0.004193	-0.001282	
0.004645	-0.0011	
0.005103	-0.000901	
0.005566	-0.000686	
0.006031	-0.000455	
0.006498	-0.000208	
0.006965	5.5E-05	
0.00743	0.000332	
0.00789	0.000625	
0.008346	0.000931	
0.008794	0.001252	
0.009233	0.001585	
0.009661	0.00193	
0.010076	0.002287	
0.010476	0.002654	
0.01086	0.003031	
0.011225	0.003417	
0.01157	0.00381	
0.011893	0.00421	
0.012191	0.004615	
0.012464	0.005024	
0.012709	0.005435	
0.012925	0.005848	
0.01311	0.006261	
0.013262	0.006672	
0.01338	0.007081	
0.013463	0.007485	
0.01351	0.007883	
0.013519	0.008273	
0.01349	0.008655	
0.01342	0.009025	
0.01331	0.009384	
0.013158	0.009728	
0.012965	0.010057	
0.012729	0.010369	
0.012452	0.010663	
0.012133	0.010936	
0.011773	0.011189	
0.011371	0.011418	
0.01093	0.011624	
0.010449	0.011804	
0.009929	0.011958	
0.009373	0.012083	
0.008782	0.01218	
0.008157	0.012247	
0.007501	0.012283	
0.006816	0.012289	
0.006103	0.012261	
0.005366	0.0122	
0.004606	0.012105	
0.003827	0.011975	
0.003031	0.011812	
0.002221	0.011614	
0.001401	0.011381	
0.000573	0.011115	
-0.000259	0.010814	
-0.001091	0.01048	
-0.001919	0.010114	
-0.00274	0.009716	
-0.00355	0.009287	
-0.004346	0.008829	
-0.005124	0.008343	
-0.005882	0.007831	
-0.006614	0.007293	
-0.007318	0.006732	
-0.00799	0.006149	
-0.008627	0.005547	
-0.009225	0.004927	
-0.009781	0.004292	
-0.010292	0.003643	
-0.010753	0.002983	
-0.011162	0.002314	
-0.011516	0.00164	
-0.011813	0.000962	
-0.01205	0.000284	
-0.012226	-0.000392	
-0.012338	-0.001062	
-0.012385	-0.001724	
-0.012367	-0.002374	
-0.012278	-0.00301	
-0.012118	-0.00363	
-0.011887	-0.004229	
-0.011584	-0.004807	
-0.011209	-0.005359	
-0.010762	-0.005884	
-0.010243	-0.006379	
-0.009653	-0.006841	
-0.008992	-0.007268	
-0.008261	-0.007657	
-0.007463	-0.008006	
-0.006599	-0.008314	
-0.00567	-0.008577	
-0.004681	-0.008794	
-0.003634	-0.008964	
-0.002532	-0.009084	
-0.001379	-0.009153	
-0.000179	-0.009172	
0.001065	-0.009138	
0.002349	-0.009048	
0.003667	-0.008902	
0.005013	-0.0087	
0.006381	-0.008442	
0.007765	-0.008128	
0.009158	-0.007758	
0.010554	-0.007332	
0.011949	-0.006851	
0.013334	-0.006315	
0.014702	-0.005726	
0.016045	-0.005086	
0.017353	-0.004395	
0.01862	-0.003656	
0.019837	-0.002872	
0.020996	-0.002044	
0.022093	-0.001176	
0.023117	-0.000271	
0.024062	0.000669	
0.024919	0.001642	
0.025682	0.002643	
0.026344	0.003667	
0.026898	0.00471	
0.027338	0.005767	
0.027659	0.006833	
0.027857	0.007903	
0.02793	0.00897	
0.027873	0.010032	
0.027676	0.011082	
0.027341	0.012116	
0.026866	0.013128	
0.026252	0.014112	
0.025499	0.01506	
0.024609	0.015967	
0.023585	0.016826	
0.022429	0.017632	
0.021148	0.018379	
0.019745	0.019062	
0.018227	0.019675	
0.016602	0.020215	
0.014877	0.020676	
0.01306	0.021056	
0.011159	0.021349	
0.009184	0.021553	
0.007149	0.021665	
0.005063	0.021684	
0.002935	0.021602	
0.000775	0.021418	
-0.001402	0.021131	
-0.003583	0.020741	
-0.005756	0.020248	
-0.007911	0.019652	
-0.010037	0.018957	
-0.012119	0.018163	
-0.014144	0.017274	
-0.016103	0.016294	
-0.017986	0.015225	
-0.019782	0.014074	
-0.021479	0.012844	
-0.023061	0.011541	
-0.024524	0.010171	
-0.025862	0.008742	
-0.027065	0.007264	
-0.028123	0.005742	
-0.029029	0.004185	
-0.029777	0.002598	
-0.030358	0.000991	
-0.030766	-0.000628	
-0.030998	-0.002245	
-0.031053	-0.003853	
-0.030925	-0.005443	
-0.030604	-0.00701	
-0.03009	-0.008544	
-0.029384	-0.010037	
-0.028485	-0.011477	
-0.027392	-0.012856	
-0.026107	-0.014165	
-0.024632	-0.015399	
-0.022972	-0.016552	
-0.02113	-0.017616	
-0.019109	-0.018586	
-0.016912	-0.019455	
-0.014549	-0.020215	
-0.012032	-0.02086	
-0.009369	-0.021385	
-0.006561	-0.021786	
-0.003626	-0.022061	
-0.000582	-0.022205	
0.002564	-0.022221	
0.0058	-0.0221	
0.009102	-0.021837	
0.012456	-0.021433	
0.015846	-0.020885	
0.019243	-0.020197	
0.022629	-0.019371	
0.025981	-0.018404	
0.029269	-0.017299	
0.032472	-0.016059	
0.035565	-0.014686	
0.038518	-0.013187	
0.041304	-0.011565	
0.043901	-0.009826	
0.046284	-0.00797	
0.048425	-0.006005	
0.050299	-0.003943	
0.051888	-0.001792	
0.053167	0.000438	
0.054116	0.002744	
0.054717	0.005112	
0.054956	0.007525	
0.054823	0.009972	
0.054287	0.012446	
0.053354	0.014933	
0.052022	0.017413	
0.050296	0.019868	
0.048186	0.022287	
0.045712	0.024652	
0.042888	0.02694	
0.03973	0.02913	
0.036273	0.031207	
0.032533	0.033156	
0.028538	0.034958	
0.024335	0.036592	
0.019938	0.038039	
0.0154	0.039283	
0.010742	0.040309	
0.006011	0.041105	
0.001235	0.041661	
-0.003551	0.041966	
-0.008311	0.042018	
-0.013011	0.041786	
-0.01762	0.041267	
-0.022116	0.040459	
-0.026461	0.039364	
-0.030643	0.037983	
-0.03462	0.036324	
-0.038383	0.034395	
-0.041909	0.032208	
-0.045165	0.029774	
-0.048147	0.027117	
-0.050838	0.024249	
-0.05321	0.021185	
-0.055253	0.017953	
-0.056961	0.014587	
-0.058323	0.011097	
-0.059329	0.007516	
-0.059968	0.003876	
-0.060236	0.000191	
-0.060141	-0.003502	
-0.059646	-0.007181	
-0.058754	-0.010828	
-0.057463	-0.014407	
-0.055774	-0.017899	
-0.053687	-0.021288	
-0.051205	-0.024542	
-0.048321	-0.02765	
-0.045046	-0.030597	
-0.041392	-0.033352	
-0.037356	-0.035902	
-0.032947	-0.038242	
-0.028182	-0.040355	
-0.023063	-0.042218	
-0.017611	-0.043822	
-0.011842	-0.045163	
-0.005788	-0.046231	
0.00053	-0.04702	
0.007076	-0.047521	
0.01378	-0.047729	
0.020585	-0.047651	
0.027451	-0.047259	
0.034348	-0.046554	
0.041231	-0.045536	
0.048035	-0.044208	
0.05471	-0.04257	
0.061164	-0.040622	
0.067292	-0.038365	
0.073048	-0.035803	
0.078306	-0.032945	
0.083006	-0.029795	
0.087001	-0.026354	
0.090232	-0.022641	
0.092564	-0.018668	
0.093935	-0.01444	
0.094323	-0.00998	
0.093721	-0.005291	
0.09203	-0.000404	
0.089267	0.004671	
0.08556	0.009891	
0.080932	0.015242	
0.075545	0.02067	
0.069435	0.026141	
0.06277	0.031595	
0.055608	0.03699	
0.048047	0.042298	
0.040205	0.04748	
0.032177	0.052503	
0.024046	0.057307	
0.015894	0.061845	
0.007803	0.066024	
-0.000158	0.069796	
-0.007927	0.073091	
-0.015457	0.075868	
-0.022693	0.07809	
-0.029599	0.079683	
-0.036148	0.080592	
-0.042324	0.080817	
-0.048089	0.080269	
-0.053442	0.078931	
-0.058355	0.076793	
-0.062829	0.073883	
-0.066833	0.070226	
-0.07038	0.065873	
-0.073436	0.060851	
-0.075992	0.055243	
-0.078052	0.049102	
-0.079604	0.042551	
-0.080639	0.035636	
-0.081161	0.028447	
-0.081194	0.021082	
-0.080697	0.013613	
-0.079674	0.006107	
-0.078133	-0.001358	
-0.076079	-0.008717	
-0.07352	-0.015925	
-0.070453	-0.022937	
-0.066874	-0.029694	
-0.062795	-0.036158	
-0.058217	-0.042299	
-0.053144	-0.048079	
-0.047606	-0.053476	
-0.041627	-0.058455	
-0.035243	-0.063002	
-0.028502	-0.067083	
-0.021427	-0.070706	
-0.014086	-0.073827	
-0.006535	-0.076449	
0.001163	-0.078576	
0.00898	-0.080195	
0.016889	-0.081284	
0.024857	-0.081841	
0.032829	-0.081891	
0.040663	-0.081408	
0.048179	-0.080372	
0.055298	-0.078797	
0.061933	-0.076684	
0.067941	-0.074041	
0.07335	-0.07087	
0.078023	-0.067176	
0.081888	-0.062975	
0.084766	-0.058267	
0.086514	-0.05305	
0.087338	-0.047341	
0.087379	-0.041163	
0.086641	-0.034528	
0.085178	-0.027439	
0.083022	-0.019937	
0.080182	-0.012103	
0.076783	-0.004001	
0.072884	0.004312	
0.068526	0.012807	
0.063849	0.02146	
0.058796	0.030216	
0.05349	0.038985	
0.047907	0.047699	
0.042169	0.05629	
0.036304	0.06466	
0.030379	0.072667	
0.024458	0.08016	
0.018545	0.087082	
0.01271	0.093341	
0.006948	0.098601	
0.001304	0.102703	
-0.004205	0.105609	
-0.009563	0.107449	
-0.014739	0.10817	
-0.019725	0.107617	
-0.024492	0.105745	
-0.029029	0.102645	
-0.03332	0.098447	
-0.037344	0.093349	
-0.0411	0.087406	
-0.044558	0.0808	
-0.047719	0.073645	
-0.050584	0.066036	
-0.053134	0.058099	
-0.055372	0.049946	
-0.057301	0.041663	
-0.058915	0.033335	
-0.060206	0.025032	
-0.061166	0.016824	
-0.061791	0.008772	
-0.062085	0.000929	
-0.062057	-0.006665	
-0.061683	-0.013982	
-0.060968	-0.020984	
-0.059915	-0.027644	
-0.058523	-0.033949	
-0.056793	-0.039872	
-0.054731	-0.045401	
-0.052347	-0.050529	
-0.049644	-0.055232	
-0.046626	-0.059501	
-0.043302	-0.063314	
-0.039687	-0.066651	
-0.035767	-0.069511	
-0.031562	-0.071881	
-0.027078	-0.073754	
-0.022321	-0.075146	
-0.017321	-0.076068	
-0.012097	-0.076531	
-0.006691	-0.07656	
-0.00112	-0.076137	
0.004584	-0.075264	
0.010376	-0.073948	
0.016223	-0.072188	
0.022114	-0.069989	
0.027993	-0.067351	
0.033833	-0.064288	
0.039566	-0.060817	
0.045158	-0.056955	
0.050582	-0.052733	
0.055756	-0.048174	
0.060653	-0.043296	
0.065141	-0.038134	
0.069143	-0.032712	
0.072544	-0.027069	
0.075319	-0.02123	
0.077491	-0.015227	
0.079009	-0.009092	
0.079739	-0.002855	
0.079665	0.003449	
0.078744	0.00979	
0.07705	0.016136	
0.074652	0.022451	
0.071541	0.028703	
0.067779	0.034856	
0.063429	0.040873	
0.05848	0.046696	
0.053124	0.052288	
0.047376	0.057591	
0.041364	0.062576	
0.035153	0.0672	
0.02877	0.071451	
0.022322	0.075277	
0.015835	0.078659	
0.00937	0.081554	
0.003	0.083905	
-0.003255	0.085683	
-0.009332	0.086849	
-0.015195	0.08737	
-0.020824	0.087183	
-0.026171	0.086251	
-0.031227	0.084594	
-0.035962	0.082262	
-0.040382	0.079287	
-0.044456	0.075722	
-0.048191	0.071585	
-0.051587	0.066899	
-0.054622	0.061688	
-0.057313	0.055991	
-0.059665	0.049851	
-0.061665	0.043347	
-0.063304	0.036521	
-0.064586	0.029458	
-0.065506	0.022236	
-0.066061	0.014911	
-0.066255	0.007544	
-0.066077	0.000209	
-0.065505	-0.007035	
-0.064548	-0.014143	
-0.063212	-0.021059	
-0.061502	-0.027725	
-0.05942	-0.034111	
-0.056964	-0.040174	
-0.054145	-0.045875	
-0.050977	-0.051193	
-0.047464	-0.056084	
-0.043617	-0.060546	
-0.039471	-0.064547	
-0.03502	-0.068081	
-0.030309	-0.071142	
-0.025334	-0.073701	
-0.020132	-0.075764	
-0.014721	-0.077333	
-0.009135	-0.078407	
-0.003398	-0.078981	
0.002453	-0.079066	
0.008364	-0.07865	
0.014321	-0.077726	
0.020299	-0.076307	
0.026231	-0.074398	
0.032066	-0.072014	
0.037679	-0.069156	
0.043002	-0.065837	
0.048016	-0.062069	
0.052787	-0.057864	
0.05731	-0.053236	
0.061478	-0.048207	
0.06504	-0.042804	
0.067919	-0.037055	
0.070167	-0.030988	
0.071896	-0.024632	
0.073137	-0.018024	
0.073797	-0.011194	
0.073804	-0.004178	
0.073111	0.002985	
0.071758	0.010262	
0.06981	0.017604	
0.067322	0.024945	
0.064293	0.0322	
0.060664	0.039318	
0.056605	0.046272	
0.052118	0.053022	
0.04727	0.059494	
0.042162	0.065615	
0.03682	0.071338	
0.0313	0.076542	
0.025655	0.081202	
0.019897	0.085248	
0.014117	0.088685	
0.008311	0.091407	
0.002566	0.09329	
-0.003102	0.094306	
-0.008635	0.094465	
-0.014004	0.093736	
-0.019178	0.092161	
-0.024127	0.089768	
-0.028827	0.08661	
-0.033268	0.082737	
-0.037433	0.078213	
-0.041326	0.07312	
-0.044911	0.067516	
-0.048204	0.06148	
-0.051197	0.055058	
-0.053866	0.048291	
-0.056217	0.041264	
-0.058251	0.034037	
-0.05996	0.026677	
-0.061328	0.019272	
-0.06235	0.0119	
-0.063022	0.004615	
-0.063349	-0.002531	
-0.063327	-0.009476	
-0.062924	-0.016182	
-0.062148	-0.022628	
-0.061004	-0.028768	
-0.059495	-0.034588	
-0.057619	-0.04007	
-0.055381	-0.045188	
-0.05279	-0.049941	
-0.049849	-0.054305	
-0.046543	-0.058272	
-0.042887	-0.061839	
-0.038901	-0.064979	
-0.034561	-0.067696	
-0.029918	-0.069982	
-0.024973	-0.071816	
-0.019774	-0.073188	
-0.014349	-0.074107	
-0.008752	-0.07458	
-0.003021	-0.074622	
0.002811	-0.07423	
0.008663	-0.073402	
0.014494	-0.072152	
0.020243	-0.07049	
0.02586	-0.06842	
0.031337	-0.065948	
0.036587	-0.063081	
0.041596	-0.059825	
0.046303	-0.056186	
0.050754	-0.052175	
0.054902	-0.047801	
0.058717	-0.043075	
0.062126	-0.038018	
0.06507	-0.032643	
0.067566	-0.026978	
0.069641	-0.021044	
0.071306	-0.01487	
0.07253	-0.008496	
0.073232	-0.001948	
0.073352	0.004734	
0.072801	0.011515	
0.071477	0.018361	
0.069385	0.025244	
0.066623	0.032137	
0.06315	0.038965	
0.058965	0.045629	
0.054325	0.052081	
0.049105	0.058331	
0.043564	0.064413	
0.037682	0.070224	
0.03163	0.07553	
0.025455	0.080185	
0.019227	0.084168	
0.013042	0.087606	
0.006906	0.090485	
0.000889	0.092591	
-0.004975	0.093757	
-0.010666	0.093948	
-0.01613	0.093143	
-0.021367	0.091444	
-0.026325	0.088911	
-0.031019	0.085586	
-0.035416	0.081504	
-0.039527	0.076719	
-0.043326	0.071299	
-0.046803	0.065357	
-0.049967	0.058985	
-0.052793	0.052327	
-0.055278	0.045436	
-0.057426	0.038376	
-0.059232	0.031224	
-0.060691	0.024023	
-0.061802	0.016819	
-0.062566	0.009678	
-0.062987	0.002655	
-0.063068	-0.004219	
-0.06278	-0.010902	
-0.062131	-0.017349	
-0.061128	-0.023552	
-0.059773	-0.029477	
-0.058061	-0.035104	
-0.055998	-0.040422	
-0.053606	-0.045398	
-0.050904	-0.05003	
-0.047888	-0.054288	
-0.044551	-0.058162	
-0.040934	-0.061642	
-0.037033	-0.064706	
-0.032846	-0.067356	
-0.028398	-0.069593	
-0.023693	-0.071403	
-0.018769	-0.072775	
-0.013649	-0.073718	
-0.008342	-0.074242	
-0.00289	-0.074356	
0.002676	-0.074064	
0.008304	-0.073351	
0.013988	-0.072229	
0.019706	-0.070704	
0.025445	-0.068779	
0.031172	-0.066454	
0.036804	-0.063733	
0.042327	-0.060609	
0.047691	-0.057075	
0.052885	-0.053144	
0.057828	-0.048815	
0.062486	-0.044093	
0.066729	-0.03899	
0.070475	-0.033506	
0.073579	-0.02766	
0.075995	-0.021471	
0.077693	-0.014966	
0.078598	-0.008184	
0.078712	-0.001163	
0.077971	0.006043	
0.076352	0.013408	
0.073866	0.020902	
0.070467	0.02844	
0.066434	0.035908	
0.061755	0.043262	
0.056621	0.050545	
0.051088	0.057677	
0.045296	0.06437	
0.039257	0.070348	
0.03312	0.075673	
0.026891	0.08061	
0.020664	0.085067	
0.0145	0.088747	
0.008412	0.091354	
0.002479	0.092848	
-0.003299	0.093441	
-0.008875	0.093308	
-0.014231	0.092432	
-0.019349	0.090828	
-0.024203	0.088506	
-0.028782	0.085516	
-0.033074	0.081918	
-0.037069	0.07777	
-0.040775	0.073143	
-0.044167	0.068084	
-0.047253	0.062664	
-0.050036	0.056907	
-0.052504	0.050861	
-0.054655	0.044564	
-0.056494	0.03803	
-0.05802	0.031308	
-0.05923	0.024427	
-0.060122	0.017423	
-0.060695	0.010365	
-0.060957	0.003309	
-0.06091	-0.003706	
-0.060534	-0.010621	
-0.059839	-0.017378	
-0.058827	-0.023952	
-0.0575	-0.030295	
-0.055862	-0.036359	
-0.053922	-0.042124	
-0.05169	-0.047532	
-0.049166	-0.05257	
-0.046334	-0.057186	
-0.043211	-0.061375	
-0.039812	-0.065089	
-0.036111	-0.068331	
-0.03212	-0.071093	
-0.027857	-0.07335	
-0.023326	-0.075112	
-0.018556	-0.076393	
-0.013556	-0.077197	
-0.008345	-0.077531	
-0.002968	-0.077415	
0.002553	-0.076817	
0.008186	-0.075745	
0.013956	-0.074205	
0.019846	-0.072202	
0.025828	-0.069745	
0.03187	-0.066842	
0.03786	-0.063502	
0.043724	-0.059738	
0.049341	-0.055566	
0.054662	-0.051001	
0.059683	-0.046048	
0.06432	-0.040716	
0.068482	-0.035016	
0.072024	-0.028996	
0.074807	-0.022676	
0.07677	-0.016105	
0.077863	-0.009328	
0.078096	-0.002388	
0.077457	0.004683	
0.075922	0.011859	
0.073494	0.019044	
0.070213	0.026091	
0.066429	0.032969	
0.06211	0.039748	
0.057381	0.046468	
0.052317	0.053045	
0.046949	0.05925	
0.041361	0.06494	
0.035634	0.070104	
0.029789	0.074758	
0.023946	0.07889	
0.018093	0.082375	
0.012326	0.085137	
0.006648	0.087229	
0.001104	0.088685	
-0.004278	0.089489	
-0.009485	0.089613	
-0.014482	0.088992	
-0.019267	0.087665	
-0.023816	0.085716	
-0.028118	0.083187	
-0.032172	0.080107	
-0.03596	0.076494	
-0.039497	0.072363	
-0.042768	0.067724	
-0.045763	0.062608	
-0.04849	0.057023	
-0.050943	0.051005	
-0.053105	0.044606	
-0.054975	0.03787	
-0.056552	0.030892	
-0.057833	0.023744	
-0.058814	0.016476	
-0.059494	0.00915	
-0.059878	0.001823	
-0.059976	-0.005467	
-0.059776	-0.012672	
-0.059268	-0.019717	
-0.058458	-0.026538	
-0.05734	-0.033093	
-0.055913	-0.039313	
-0.054179	-0.04515	
-0.052141	-0.050578	
-0.049796	-0.055545	
-0.047126	-0.060049	
-0.044126	-0.064054	
-0.040823	-0.067554	
-0.037201	-0.070552	
-0.033248	-0.073028	
-0.028993	-0.074987	
-0.024435	-0.076443	
-0.0196	-0.0774	
-0.014501	-0.077864	
-0.00914	-0.077856	
-0.003534	-0.077359	
0.002316	-0.076377	
0.008374	-0.074923	
0.014633	-0.073007	
0.021049	-0.070641	
0.027506	-0.067834	
0.033902	-0.064598	
0.040104	-0.060943	
0.046109	-0.056885	
0.051963	-0.052441	
0.05751	-0.047624	
0.062615	-0.042446	
0.067094	-0.036942	
0.070943	-0.031141	
0.074049	-0.02508	
0.076323	-0.018812	
0.077663	-0.012376	
0.078122	-0.005808	
0.07775	0.000886	
0.076534	0.007667	
0.074427	0.014489	
0.071425	0.02127	
0.067877	0.027897	
0.063921	0.034354	
0.059457	0.04068	
0.054744	0.046894	
0.049658	0.053007	
0.044428	0.058858	
0.039001	0.06425	
0.033531	0.069046	
0.027968	0.073301	
0.02241	0.077139	
0.016846	0.080596	
0.011329	0.083546	
0.00589	0.085901	
0.00055	0.087618	
-0.004643	0.088678	
-0.009688	0.089078	
-0.014543	0.088756	
-0.019209	0.08771	
-0.02366	0.085983	
-0.027887	0.083645	
-0.031889	0.080709	
-0.035641	0.077193	
-0.039151	0.073092	
-0.042408	0.068377	
-0.045399	0.06308	
-0.048129	0.057217	
-0.050593	0.050863	
-0.052773	0.044096	
-0.054667	0.036966	
-0.056275	0.02957	
-0.057594	0.021992	
-0.05862	0.014293	
-0.059352	0.006547	
-0.059789	-0.001158	
-0.059942	-0.008735	
-0.059807	-0.016119	
-0.059363	-0.023258	
-0.058614	-0.030089	
-0.057555	-0.036559	
-0.056182	-0.042649	
-0.05449	-0.048305	
-0.052476	-0.053512	
-0.050136	-0.058237	
-0.047448	-0.062467	
-0.044405	-0.066173	
-0.041028	-0.069359	
-0.0373	-0.072011	
-0.033206	-0.074121	
-0.02877	-0.075706	
-0.023994	-0.07678	
-0.018903	-0.077355	
-0.01351	-0.077455	
-0.007834	-0.077085	
-0.00194	-0.076246	
0.004147	-0.074956	
0.010398	-0.073228	
0.01677	-0.071068	
0.023231	-0.068479	
0.02967	-0.065469	
0.036006	-0.062052	
0.042172	-0.058238	
0.048031	-0.054031	
0.053638	-0.049456	
0.058915	-0.044536	
0.063679	-0.039314	
0.06773	-0.033807	
0.071048	-0.028056	
0.073652	-0.022093	
0.075475	-0.015965	
0.076443	-0.009695	
0.076525	-0.00331	
0.075777	0.003158	
0.074261	0.009663	
0.071994	0.016138	
0.069126	0.022547	
0.065844	0.028883	
0.061972	0.035149	
0.057722	0.041315	
0.053188	0.047297	
0.048338	0.053047	
0.043352	0.058485	
0.038178	0.063594	
0.032941	0.068337	
0.027601	0.072699	
0.022241	0.076614	
0.016863	0.080075	
0.011515	0.08302	
0.006225	0.085448	
0.001017	0.087358	
-0.004075	0.088681	
-0.009041	0.089342	
-0.013851	0.089261	
-0.018493	0.088436	
-0.022956	0.086889	
-0.027216	0.084628	
-0.03128	0.081654	
-0.035117	0.07794	
-0.038733	0.073493	
-0.042114	0.068296	
-0.045245	0.062435	
-0.048125	0.055957	
-0.050746	0.048964	
-0.053089	0.041607	
-0.055147	0.033985	
-0.056917	0.026191	
-0.058392	0.018328	
-0.059564	0.010488	
-0.060425	0.002741	
-0.060972	-0.004856	
-0.061209	-0.012246	
-0.061132	-0.019363	
-0.060717	-0.026168	
-0.059963	-0.032641	
-0.05887	-0.038733	
-0.057429	-0.044426	
-0.055642	-0.049702	
-0.053512	-0.054534	
-0.051039	-0.058913	
-0.048214	-0.062824	
-0.045018	-0.066248	
-0.041473	-0.069189	
-0.037572	-0.071633	
-0.033294	-0.073571	
-0.028662	-0.07501	
-0.023682	-0.075958	
-0.018372	-0.076423	
-0.012748	-0.076426	
-0.006835	-0.075957	
-0.00068	-0.075029	
0.005694	-0.073659	
0.01224	-0.071858	
0.018822	-0.069636	
0.025376	-0.067001	
0.031869	-0.063955	
0.038192	-0.06051	
0.044286	-0.056668	
0.05	-0.05245	
0.055266	-0.047886	
0.060114	-0.042998	
0.064456	-0.037832	
0.068171	-0.032413	
0.071131	-0.026783	
0.073308	-0.020973	
0.074735	-0.015015	
0.075399	-0.008935	
0.075254	-0.002764	
0.074319	0.003463	
0.072612	0.009722	
0.070262	0.015992	
0.067478	0.022266	
0.064186	0.02852	
0.060311	0.034724	
0.056222	0.04084	
0.051802	0.046806	
0.047183	0.052588	
0.042399	0.058102	
0.037464	0.063307	
0.032454	0.068151	
0.027358	0.072661	
0.02223	0.076787	
0.017063	0.080543	
0.011896	0.083812	
0.006742	0.086503	
0.001634	0.088539	
-0.003405	0.089865	
-0.008345	0.09053	
-0.01317	0.090519	
-0.017849	0.089783	
-0.022379	0.088221	
-0.026727	0.085751	
-0.030901	0.082377	
-0.034865	0.078104	
-0.03862	0.073006	
-0.042148	0.06713	
-0.045427	0.060609	
-0.048457	0.053583	
-0.051223	0.046151	
-0.053702	0.038445	
-0.055887	0.03059	
-0.057769	0.022677	
-0.059341	0.014782	
-0.060587	0.006986	
-0.061499	-0.000633	
-0.062073	-0.008014	
-0.062312	-0.015126	
-0.062212	-0.021936	
-0.061747	-0.028398	
-0.060919	-0.034507	
-0.059729	-0.040245	
-0.058171	-0.045584	
-0.056242	-0.05053	
-0.053949	-0.05505	
-0.051295	-0.059148	
-0.04827	-0.062809	
-0.044851	-0.066016	
-0.041066	-0.068777	
-0.036906	-0.07108	
-0.032365	-0.072907	
-0.027471	-0.07426	
-0.022251	-0.075141	
-0.016737	-0.075551	
-0.010957	-0.0755	
-0.004951	-0.074965	
0.001235	-0.073954	
0.007544	-0.07248	
0.013951	-0.070556	
0.020356	-0.0682	
0.026676	-0.065433	
0.032915	-0.062272	
0.038998	-0.058733	
0.044824	-0.054848	
0.050272	-0.050646	
0.055248	-0.046145	
0.059813	-0.041372	
0.0639	-0.036355	
0.067383	-0.03112	
0.070109	-0.025692	
0.072012	-0.020095	
0.073142	-0.01434	
0.073549	-0.00845	
0.073276	-0.002448	
0.072343	0.003636	
0.07075	0.009783	
0.068629	0.015977	
0.06603	0.022208	
0.062852	0.028432	
0.059228	0.0346	
0.055449	0.040662	
0.051315	0.046554	
0.046967	0.052265	
0.042396	0.057746	
0.03761	0.063017	
0.032709	0.068032	
0.027663	0.072763	
0.022573	0.077109	
0.017419	0.081036	
0.012281	0.084387	
0.007149	0.087125	
0.002072	0.089233	
-0.002947	0.090662	
-0.007871	0.091388	
-0.012701	0.091255	
-0.017401	0.090139	
-0.021976	0.087995	
-0.02638	0.084879	
-0.030625	0.080843	
-0.034667	0.075979	
-0.038506	0.070336	
-0.042118	0.064076	
-0.045477	0.057274	
-0.048585	0.050102	
-0.051423	0.042689	
-0.053971	0.035112	
-0.056221	0.027461	
-0.058163	0.019832	
-0.059784	0.012296	
-0.061067	0.004893	
-0.062002	-0.002334	
-0.062585	-0.00933	
-0.062817	-0.016068	
-0.062684	-0.022543	
-0.062162	-0.028713	
-0.061257	-0.03457	
-0.05997	-0.040101	
-0.058298	-0.045273	
-0.056235	-0.050086	
-0.053793	-0.054502	
-0.050986	-0.058515	
-0.047802	-0.062107	
-0.044222	-0.06525	
-0.040286	-0.067943	
-0.035996	-0.070179	
-0.03137	-0.071938	
-0.02642	-0.073214	
-0.021174	-0.074017	
-0.015665	-0.074353	
-0.009903	-0.074236	
-0.003914	-0.073647	
0.002273	-0.072602	
0.008581	-0.071115	
0.014972	-0.069199	
0.02132	-0.066871	
0.027482	-0.064147	
0.033478	-0.061046	
0.039283	-0.057588	
0.044803	-0.053798	
0.049954	-0.049704	
0.054697	-0.045323	
0.059114	-0.040681	
0.063096	-0.0358	
0.066398	-0.0307	
0.068895	-0.025398	
0.070663	-0.019918	
0.071794	-0.014273	
0.07229	-0.008482	
0.072094	-0.002559	
0.07121	0.003473	
0.069736	0.009593	
0.067809	0.015774	
0.065433	0.021997	
0.062523	0.028217	
0.059162	0.034401	
0.055554	0.040517	
0.051516	0.046518	
0.047208	0.052391	
0.042667	0.058065	
0.03789	0.063533	
0.033026	0.068749	
0.028001	0.07366	
0.022944	0.078109	
0.017797	0.081994	
0.012664	0.085205	
0.007507	0.087844	
0.002407	0.089899	
-0.002656	0.091223	
-0.007619	0.09166	
-0.0125	0.091052	
-0.017242	0.089427	
-0.021866	0.086865	
-0.026314	0.083409	
-0.030606	0.079049	
-0.034691	0.073863	
-0.038572	0.067894	
-0.042232	0.061394	
-0.045637	0.054539	
-0.048786	0.047443	
-0.051664	0.040232	
-0.054248	0.032963	
-0.056533	0.025655	
-0.058507	0.018352	
-0.060158	0.011117	
-0.061467	0.003986	
-0.06242	-0.003011	
-0.063011	-0.009813	
-0.063239	-0.016378	
-0.063087	-0.022699	
-0.062525	-0.028728	
-0.061559	-0.03445	
-0.060193	-0.039852	
-0.058422	-0.044903	
-0.056244	-0.049598	
-0.053682	-0.05391	
-0.050761	-0.057825	
-0.047476	-0.061335	
-0.043814	-0.06441	
-0.039803	-0.067048	
-0.035434	-0.069244	
-0.030721	-0.070984	
-0.025673	-0.072253	
-0.020307	-0.073057	
-0.014661	-0.073403	
-0.008775	-0.073305	
-0.002733	-0.072746	
0.003419	-0.071742	
0.00959	-0.070304	
0.015786	-0.068446	
0.021996	-0.066183	
0.028066	-0.06353	
0.033958	-0.060512	
0.039698	-0.057142	
0.045302	-0.05344	
0.050659	-0.049428	
0.055468	-0.04512	
0.059652	-0.040544	
0.063239	-0.035719	
0.066293	-0.030669	
0.068735	-0.025406	
0.070434	-0.019952	
0.071376	-0.014319	
0.071655	-0.008531	
0.07136	-0.002605	
0.070512	0.003435	
0.069088	0.009568	
0.067156	0.015766	
0.064736	0.022004	
0.061798	0.028242	
0.058507	0.034468	
0.054971	0.040667	
0.050998	0.046778	
0.046795	0.052787	
0.042324	0.058609	
0.037637	0.064179	
0.03283	0.069398	
0.027871	0.074184	
0.022865	0.078518	
0.017771	0.082421	
0.012681	0.085773	
0.007558	0.088492	
0.002476	0.090392	
-0.002591	0.091391	
-0.00758	0.091458	
-0.012507	0.090531	
-0.017309	0.088606	
-0.021999	0.085699	
-0.026511	0.081852	
-0.030865	0.077149	
-0.035002	0.071718	
