   0.00000000  0.00003172  0.00001504
   0.04882812  0.00005078  0.00001607
   0.09765625  0.00010739  0.00001766
   0.14648438  0.00020627  0.00001984
   0.19531250  0.00034959  0.00002419
   0.24414062  0.00053387  0.00002791
   0.29296875  0.00076117  0.00003246
   0.34179688  0.00103076  0.00003768
   0.39062500  0.00133974  0.00004347
   0.43945312  0.00168778  0.00004951
   0.48828125  0.00203440  0.00005584
   0.53710938  0.00231482  0.00006209
   0.58593750  0.00251354  0.00006777
   0.63476562  0.00263029  0.00007249
   0.68359375  0.00265924  0.00007498
   0.73242188  0.00260054  0.00007527
   0.78125000  0.00245484  0.00007351
   0.83007812  0.00222493  0.00006970
   0.87890625  0.00191101  0.00006406
   0.92773438  0.00155380  0.00005677
   0.97656250  0.00121832  0.00004833
   1.02539062  0.00092029  0.00003934
   1.07421875  0.00066021  0.00003027
   1.12304688  0.00044440  0.00002249
   1.17187500  0.00027284  0.00001599
   1.22070312  0.00014533  0.00001076
   1.26953125  0.00006102  0.00000683
   1.31835938  0.00001998  0.00000420
   1.36718750  0.00000865  0.00000281
   1.41601562  0.00000540  0.00000248
   1.46484375  0.00000515  0.00000301
   1.51367188  0.00000867  0.00000468
   1.56250000  0.00001430  0.00000646
   1.61132812  0.00002617  0.00000837
   1.66015625  0.00004896  0.00001048
