   0.00000000  0.00002127  0.00000687
   0.04882812  0.00004068  0.00000745
   0.09765625  0.00010717  0.00000872
   0.14648438  0.00022312  0.00001090
   0.19531250  0.00039147  0.00001481
   0.24414062  0.00060972  0.00001940
   0.29296875  0.00087864  0.00002535
   0.34179688  0.00119683  0.00003257
   0.39062500  0.00156334  0.00004104
   0.43945312  0.00197715  0.00005061
   0.48828125  0.00239294  0.00006096
   0.53710938  0.00272147  0.00007089
   0.58593750  0.00295400  0.00007963
   0.63476562  0.00308509  0.00008670
   0.68359375  0.00311304  0.00009079
   0.73242188  0.00303848  0.00009195
   0.78125000  0.00286276  0.00009022
   0.83007812  0.00258673  0.00008560
   0.87890625  0.00221134  0.00007818
   0.92773438  0.00178206  0.00006837
   0.97656250  0.00138831  0.00005746
   1.02539062  0.00103895  0.00004626
   1.07421875  0.00073950  0.00003529
   1.12304688  0.00049180  0.00002587
   1.17187500  0.00029564  0.00001802
   1.22070312  0.00015061  0.00001172
   1.26953125  0.00005645  0.00000698
   1.31835938  0.00001293  0.00000382
   1.36718750  0.00000491  0.00000210
   1.41601562  0.00000263  0.00000137
   1.46484375  0.00000326  0.00000138
   1.51367188  0.00000563  0.00000214
   1.56250000  0.00001014  0.00000296
   1.61132812  0.00002201  0.00000391
   1.66015625  0.00004672  0.00000508
