2	512	0.05
1	2	
0	0	
0	0	
0	0	
0	0	
0	0	
0.00008	0.00008	
0.000189	0.000189	
0.000322	0.000322	
0.000259	0.000259	
0.000014	0.000014	
0.000227	0.000227	
0.000319	0.000319	
0.000333	0.000333	
0.000266	0.000266	
0.000069	0.000069	
0.000275	0.000275	
0.000251	0.000251	
0.000054	0.000054	
0.000001	0.000001	
0.000002	0.000002	
0.000284	0.000284	
0.00027	0.00027	
0.00009	0.00009	
0.000005	0.000005	
0.000076	0.000076	
0.000379	0.000379	
0.000346	0.000346	
0.000174	0.000174	
0.000032	0.000032	
0.000019	0.000019	
0.000024	0.000024	
0.00003	0.00003	
0.000171	0.000171	
0.000421	0.000421	
0.000352	0.000352	
0.000171	0.000171	
0.000074	0.000074	
0.000227	0.000227	
0.000284	0.000284	
0.000187	0.000187	
0.000143	0.000143	
0.0005	0.0005	
0.000575	0.000575	
0.000222	0.000222	
0.000254	0.000254	
0.000531	0.000531	
0.000665	0.000665	
0.000838	0.000838	
0.000701	0.000701	
0.000663	0.000663	
0.000712	0.000712	
0.000851	0.000851	
0.001117	0.001117	
0.001125	0.001125	
0.000987	0.000987	
0.000739	0.000739	
0.000773	0.000773	
0.001339	0.001339	
0.001106	0.001106	
0.000803	0.000803	
0.001049	0.001049	
0.001277	0.001277	
0.000694	0.000694	
0.000615	0.000615	
0.000933	0.000933	
0.000791	0.000791	
0.000287	0.000287	
-0.000026	-0.000026	
-0.000291	-0.000291	
-0.000612	-0.000612	
-0.001001	-0.001001	
-0.001512	-0.001512	
-0.002132	-0.002132	
-0.002999	-0.002999	
-0.004056	-0.004056	
-0.00503	-0.00503	
-0.006082	-0.006082	
-0.007261	-0.007261	
-0.007923	-0.007923	
-0.008777	-0.008777	
-0.009777	-0.009777	
-0.010503	-0.010503	
-0.011462	-0.011462	
-0.012001	-0.012001	
-0.012272	-0.012272	
-0.012764	-0.012764	
-0.013297	-0.013297	
-0.013601	-0.013601	
-0.013629	-0.013629	
-0.013208	-0.013208	
-0.01258	-0.01258	
-0.011691	-0.011691	
-0.010275	-0.010275	
-0.008721	-0.008721	
-0.007052	-0.007052	
-0.004032	-0.004032	
-0.001055	-0.001055	
0.001908	0.001908	
0.005346	0.005346	
0.00948	0.00948	
0.013499	0.013499	
0.018108	0.018108	
0.021907	0.021907	
0.027032	0.027032	
0.031257	0.031257	
0.035473	0.035473	
0.039579	0.039579	
0.042282	0.042282	
0.045526	0.045526	
0.047659	0.047659	
0.048654	0.048654	
0.048582	0.048582	
0.047411	0.047411	
0.044674	0.044674	
0.040922	0.040922	
0.036501	0.036501	
0.030415	0.030415	
0.023726	0.023726	
0.017161	0.017161	
0.008611	0.008611	
0.000178	0.000178	
-0.008821	-0.008821	
-0.017186	-0.017186	
-0.025521	-0.025521	
-0.03344	-0.03344	
-0.041007	-0.041007	
-0.048617	-0.048617	
-0.054232	-0.054232	
-0.060075	-0.060075	
-0.064163	-0.064163	
-0.067839	-0.067839	
-0.070098	-0.070098	
-0.070729	-0.070729	
-0.070374	-0.070374	
-0.069034	-0.069034	
-0.06564	-0.06564	
-0.060747	-0.060747	
-0.054398	-0.054398	
-0.04676	-0.04676	
-0.036579	-0.036579	
-0.025467	-0.025467	
-0.011783	-0.011783	
0.001808	0.001808	
0.017292	0.017292	
0.032855	0.032855	
0.049792	0.049792	
0.066088	0.066088	
0.080602	0.080602	
0.094108	0.094108	
0.104797	0.104797	
0.111576	0.111576	
0.113956	0.113956	
0.110927	0.110927	
0.102933	0.102933	
0.09065	0.09065	
0.075552	0.075552	
0.056617	0.056617	
0.036771	0.036771	
0.017507	0.017507	
-0.002193	-0.002193	
-0.021512	-0.021512	
-0.038886	-0.038886	
-0.053247	-0.053247	
-0.067408	-0.067408	
-0.078978	-0.078978	
-0.088632	-0.088632	
-0.096014	-0.096014	
-0.100897	-0.100897	
-0.104148	-0.104148	
-0.105834	-0.105834	
-0.105165	-0.105165	
-0.102243	-0.102243	
-0.098323	-0.098323	
-0.090929	-0.090929	
-0.082065	-0.082065	
-0.071938	-0.071938	
-0.059661	-0.059661	
-0.046033	-0.046033	
-0.029887	-0.029887	
-0.013363	-0.013363	
0.003362	0.003362	
0.021665	0.021665	
0.040585	0.040585	
0.058035	0.058035	
0.073108	0.073108	
0.087095	0.087095	
0.096796	0.096796	
0.102259	0.102259	
0.104277	0.104277	
0.1027	0.1027	
0.098106	0.098106	
0.090293	0.090293	
0.08039	0.08039	
0.06901	0.06901	
0.057158	0.057158	
0.043333	0.043333	
0.029979	0.029979	
0.016348	0.016348	
0.002469	0.002469	
-0.010124	-0.010124	
-0.022427	-0.022427	
-0.034474	-0.034474	
-0.045369	-0.045369	
-0.055	-0.055	
-0.063962	-0.063962	
-0.072025	-0.072025	
-0.078934	-0.078934	
-0.083555	-0.083555	
-0.088129	-0.088129	
-0.090155	-0.090155	
-0.090893	-0.090893	
-0.090491	-0.090491	
-0.088874	-0.088874	
-0.084624	-0.084624	
-0.078922	-0.078922	
-0.071252	-0.071252	
-0.061333	-0.061333	
-0.049989	-0.049989	
-0.036666	-0.036666	
-0.021891	-0.021891	
-0.006262	-0.006262	
0.011445	0.011445	
0.029311	0.029311	
0.04731	0.04731	
0.063982	0.063982	
0.080103	0.080103	
0.093446	0.093446	
0.102108	0.102108	
0.106451	0.106451	
0.106147	0.106147	
0.101674	0.101674	
0.095405	0.095405	
0.086054	0.086054	
0.07482	0.07482	
0.062012	0.062012	
0.049394	0.049394	
0.035657	0.035657	
0.020458	0.020458	
0.005972	0.005972	
-0.008708	-0.008708	
-0.021734	-0.021734	
-0.035316	-0.035316	
-0.047971	-0.047971	
-0.059041	-0.059041	
-0.068746	-0.068746	
-0.076567	-0.076567	
-0.083227	-0.083227	
-0.088201	-0.088201	
-0.090859	-0.090859	
-0.092111	-0.092111	
-0.091814	-0.091814	
-0.090058	-0.090058	
-0.086552	-0.086552	
-0.080448	-0.080448	
-0.072927	-0.072927	
-0.063217	-0.063217	
-0.051669	-0.051669	
-0.039331	-0.039331	
-0.02581	-0.02581	
-0.010357	-0.010357	
0.005552	0.005552	
0.021286	0.021286	
0.036818	0.036818	
0.051383	0.051383	
0.06615	0.06615	
0.077786	0.077786	
0.087607	0.087607	
0.094284	0.094284	
0.099448	0.099448	
0.10094	0.10094	
0.100425	0.100425	
0.097812	0.097812	
0.090975	0.090975	
0.082053	0.082053	
0.070149	0.070149	
0.055715	0.055715	
0.039601	0.039601	
0.021834	0.021834	
0.004898	0.004898	
-0.012084	-0.012084	
-0.02839	-0.02839	
-0.041675	-0.041675	
-0.054921	-0.054921	
-0.065926	-0.065926	
-0.074542	-0.074542	
-0.081621	-0.081621	
-0.087615	-0.087615	
-0.091397	-0.091397	
-0.093134	-0.093134	
-0.093165	-0.093165	
-0.09145	-0.09145	
-0.088416	-0.088416	
-0.083629	-0.083629	
-0.077483	-0.077483	
-0.069611	-0.069611	
-0.060108	-0.060108	
-0.049525	-0.049525	
-0.037587	-0.037587	
-0.025201	-0.025201	
-0.010701	-0.010701	
0.003596	0.003596	
0.018384	0.018384	
0.03251	0.03251	
0.04801	0.04801	
0.061451	0.061451	
0.07379	0.07379	
0.084772	0.084772	
0.093507	0.093507	
0.100699	0.100699	
0.104209	0.104209	
0.104499	0.104499	
0.101143	0.101143	
0.094236	0.094236	
0.083568	0.083568	
0.070237	0.070237	
0.055144	0.055144	
0.037692	0.037692	
0.020116	0.020116	
0.002448	0.002448	
-0.013524	-0.013524	
-0.029632	-0.029632	
-0.043129	-0.043129	
-0.055954	-0.055954	
-0.06659	-0.06659	
-0.075623	-0.075623	
-0.081961	-0.081961	
-0.087877	-0.087877	
-0.090605	-0.090605	
-0.092087	-0.092087	
-0.092297	-0.092297	
-0.091005	-0.091005	
-0.0888	-0.0888	
-0.083952	-0.083952	
-0.078372	-0.078372	
-0.070227	-0.070227	
-0.061266	-0.061266	
-0.050549	-0.050549	
-0.039373	-0.039373	
-0.026907	-0.026907	
-0.01355	-0.01355	
0.000465	0.000465	
0.01521	0.01521	
0.029481	0.029481	
0.043331	0.043331	
0.058271	0.058271	
0.070978	0.070978	
0.082918	0.082918	
0.092535	0.092535	
0.099732	0.099732	
0.103883	0.103883	
0.104796	0.104796	
0.101431	0.101431	
0.094222	0.094222	
0.082801	0.082801	
0.068919	0.068919	
0.051899	0.051899	
0.035488	0.035488	
0.017199	0.017199	
-0.000045	-0.000045	
-0.016995	-0.016995	
-0.031464	-0.031464	
-0.045641	-0.045641	
-0.057924	-0.057924	
-0.068171	-0.068171	
-0.076339	-0.076339	
-0.083243	-0.083243	
-0.088324	-0.088324	
-0.091399	-0.091399	
-0.093054	-0.093054	
-0.093111	-0.093111	
-0.091614	-0.091614	
-0.089088	-0.089088	
-0.084022	-0.084022	
-0.07815	-0.07815	
-0.070607	-0.070607	
-0.061583	-0.061583	
-0.051328	-0.051328	
-0.040213	-0.040213	
-0.028349	-0.028349	
-0.015268	-0.015268	
-0.00068	-0.00068	
0.013355	0.013355	
0.027766	0.027766	
0.041579	0.041579	
0.056858	0.056858	
0.069616	0.069616	
0.08146	0.08146	
0.091521	0.091521	
0.09988	0.09988	
0.104366	0.104366	
0.105781	0.105781	
0.10189	0.10189	
0.094612	0.094612	
0.082518	0.082518	
0.06744	0.06744	
0.050555	0.050555	
0.032233	0.032233	
0.01549	0.01549	
-0.002188	-0.002188	
-0.01895	-0.01895	
-0.032906	-0.032906	
-0.046784	-0.046784	
-0.058621	-0.058621	
-0.06885	-0.06885	
-0.077094	-0.077094	
-0.082883	-0.082883	
-0.0881	-0.0881	
-0.09121	-0.09121	
-0.092433	-0.092433	
-0.09215	-0.09215	
-0.09039	-0.09039	
-0.087498	-0.087498	
-0.082673	-0.082673	
-0.076769	-0.076769	
-0.069447	-0.069447	
-0.060405	-0.060405	
-0.050459	-0.050459	
-0.039548	-0.039548	
-0.028352	-0.028352	
-0.01546	-0.01546	
-0.001529	-0.001529	
0.011727	0.011727	
0.0263	0.0263	
0.040376	0.040376	
0.05465	0.05465	
0.068283	0.068283	
0.080819	0.080819	
0.091402	0.091402	
0.10035	0.10035	
0.105876	0.105876	
0.107364	0.107364	
0.102781	0.102781	
0.09508	0.09508	
0.082331	0.082331	
0.0673	0.0673	
0.049483	0.049483	
0.030992	0.030992	
0.012909	0.012909	
-0.003526	-0.003526	
-0.020394	-0.020394	
-0.034637	-0.034637	
-0.047815	-0.047815	
-0.058781	-0.058781	
-0.068669	-0.068669	
-0.076238	-0.076238	
-0.08177	-0.08177	
-0.086916	-0.086916	
-0.089749	-0.089749	
-0.090953	-0.090953	
-0.090586	-0.090586	
-0.088975	-0.088975	
-0.085888	-0.085888	
-0.081285	-0.081285	
-0.075586	-0.075586	
-0.068718	-0.068718	
-0.060055	-0.060055	
-0.050604	-0.050604	
-0.040557	-0.040557	
-0.029534	-0.029534	
-0.017757	-0.017757	
-0.003908	-0.003908	
0.00991	0.00991	
0.023471	0.023471	
0.03885	0.03885	
0.053383	0.053383	
0.067692	0.067692	
0.080649	0.080649	
0.091446	0.091446	
0.10045	0.10045	
0.10658	0.10658	
0.108272	0.108272	
0.10364	0.10364	
0.09499	0.09499	
0.081479	0.081479	
0.066587	0.066587	
0.048406	0.048406	
0.030332	0.030332	
0.012201	0.012201	
-0.003767	-0.003767	
-0.020264	-0.020264	
-0.034168	-0.034168	
-0.047181	-0.047181	
-0.057875	-0.057875	
-0.067537	-0.067537	
-0.074728	-0.074728	
-0.080716	-0.080716	
-0.085398	-0.085398	
-0.088466	-0.088466	
-0.090052	-0.090052	
-0.089991	-0.089991	
-0.088679	-0.088679	
-0.085915	-0.085915	
-0.081622	-0.081622	
-0.076258	-0.076258	
-0.069322	-0.069322	
-0.060888	-0.060888	
-0.051821	-0.051821	
-0.041952	-0.041952	
-0.030468	-0.030468	
-0.01884	-0.01884	
-0.005362	-0.005362	
0.008848	0.008848	
0.022635	0.022635	
0.038095	0.038095	
0.052587	0.052587	
0.067003	0.067003	
0.080189	0.080189	
0.09135	0.09135	
0.100795	0.100795	
0.106867	0.106867	
0.107675	0.107675	
0.102466	0.102466	
0.093714	0.093714	
0.080633	0.080633	
0.065639	0.065639	
0.048092	0.048092	
0.030377	0.030377	
0.01253	0.01253	
-0.003162	-0.003162	
-0.01947	-0.01947	
-0.033307	-0.033307	
-0.046356	-0.046356	
-0.057163	-0.057163	
-0.066862	-0.066862	
-0.074165	-0.074165	
-0.080493	-0.080493	
-0.085214	-0.085214	
-0.088364	-0.088364	
-0.090002	-0.090002	
-0.089849	-0.089849	
-0.088383	-0.088383	
-0.085496	-0.085496	
-0.081118	-0.081118	
-0.075963	-0.075963	
-0.069217	-0.069217	
-0.060921	-0.060921	
-0.05202	-0.05202	
-0.042158	-0.042158	
-0.030775	-0.030775	
-0.01924	-0.01924	
-0.006118	-0.006118	
0.007709	0.007709	
0.02146	0.02146	
0.037041	0.037041	
0.051182	0.051182	
0.064874	0.064874	
0.07933	0.07933	
0.090562	0.090562	
0.099692	0.099692	
0.105447	0.105447	
0.107339	0.107339	
0.102553	0.102553	
0.094092	0.094092	
0.081196	0.081196	
0.066738	0.066738	
0.049038	0.049038	
0.03118	0.03118	
0.0138	0.0138	
-0.002018	-0.002018	
-0.017978	-0.017978	
-0.03191	-0.03191	
-0.04482	-0.04482	
-0.05621	-0.05621	
-0.066139	-0.066139	
-0.073813	-0.073813	
-0.080437	-0.080437	
-0.085238	-0.085238	
-0.088394	-0.088394	
-0.089835	-0.089835	
-0.089763	-0.089763	
-0.088243	-0.088243	
-0.085493	-0.085493	
-0.081318	-0.081318	
-0.076706	-0.076706	
-0.069855	-0.069855	
-0.061803	-0.061803	
-0.0531	-0.0531	
-0.043192	-0.043192	
-0.031414	-0.031414	
-0.019483	-0.019483	
-0.006036	-0.006036	
0.007957	0.007957	
0.021453	0.021453	
0.037106	0.037106	
0.051632	0.051632	
0.065587	0.065587	
0.079476	0.079476	
0.090957	0.090957	
0.100154	0.100154	
0.106138	0.106138	
0.107903	0.107903	
0.103622	0.103622	
0.095237	0.095237	
0.08212	0.08212	
0.067743	0.067743	
0.049948	0.049948	
0.031805	0.031805	
0.014513	0.014513	
-0.001488	-0.001488	
-0.017394	-0.017394	
-0.031487	-0.031487	
-0.044482	-0.044482	
-0.056138	-0.056138	
-0.066166	-0.066166	
-0.07411	-0.07411	
-0.080574	-0.080574	
-0.085275	-0.085275	
-0.088265	-0.088265	
-0.089343	-0.089343	
-0.089214	-0.089214	
-0.087724	-0.087724	
-0.085221	-0.085221	
-0.081201	-0.081201	
-0.076966	-0.076966	
-0.070064	-0.070064	
-0.062061	-0.062061	
-0.053324	-0.053324	
-0.043287	-0.043287	
-0.031506	-0.031506	
-0.019564	-0.019564	
-0.006256	-0.006256	
0.007539	0.007539	
0.021249	0.021249	
0.036906	0.036906	
0.051515	0.051515	
0.065659	0.065659	
0.079473	0.079473	
0.090851	0.090851	
0.100105	0.100105	
0.106043	0.106043	
0.107497	0.107497	
0.103327	0.103327	
0.09501	0.09501	
0.082199	0.082199	
0.068157	0.068157	
0.05073	0.05073	
0.032902	0.032902	
0.016097	0.016097	
-0.000595	-0.000595	
-0.016325	-0.016325	
-0.030859	-0.030859	
-0.043792	-0.043792	
-0.055751	-0.055751	
-0.065998	-0.065998	
-0.074238	-0.074238	
-0.080755	-0.080755	
-0.085722	-0.085722	
-0.088699	-0.088699	
-0.089778	-0.089778	
-0.08975	-0.08975	
-0.088351	-0.088351	
-0.08593	-0.08593	
-0.081906	-0.081906	
-0.077803	-0.077803	
-0.070764	-0.070764	
-0.063061	-0.063061	
-0.054272	-0.054272	
-0.043998	-0.043998	
-0.031855	-0.031855	
-0.019959	-0.019959	
-0.006937	-0.006937	
0.006882	0.006882	
0.020899	0.020899	
0.036426	0.036426	
0.051189	0.051189	
0.065031	0.065031	
0.07887	0.07887	
0.090639	0.090639	
0.100159	0.100159	
0.105887	0.105887	
0.107531	0.107531	
0.104545	0.104545	
0.096838	0.096838	
0.084412	0.084412	
0.069591	0.069591	
0.052683	0.052683	
0.034618	0.034618	
0.017777	0.017777	
0.000179	0.000179	
-0.015591	-0.015591	
-0.030701	-0.030701	
-0.043927	-0.043927	
-0.056127	-0.056127	
-0.066289	-0.066289	
-0.074605	-0.074605	
-0.080795	-0.080795	
-0.085522	-0.085522	
-0.088512	-0.088512	
-0.089558	-0.089558	
-0.089567	-0.089567	
-0.088419	-0.088419	
-0.086215	-0.086215	
-0.082147	-0.082147	
-0.077975	-0.077975	
-0.070801	-0.070801	
-0.062926	-0.062926	
-0.054146	-0.054146	
-0.044196	-0.044196	
-0.032413	-0.032413	
-0.020506	-0.020506	
-0.007267	-0.007267	
