   0.00000000  0.00000000  0.00000000
   0.00610352  0.00000000  0.00000000
   0.01220703  0.00000000  0.00000000
   0.01831055  0.00000000  0.00000000
   0.02441406  0.00000000  0.00000000
   0.03051758  0.00000000  0.00000000
   0.03662109  0.00000000  0.00000000
   0.04272461  0.00000000  0.00000000
   0.04882812  0.00000000  0.00000000
   0.05493164  0.00000000  0.00000000
   0.06103516  0.00000000  0.00000000
   0.06713867  0.00000000  0.00000000
   0.07324219  0.00000000  0.00000000
   0.07934570  0.00000000  0.00000000
   0.08544922  0.00000000  0.00000000
   0.09155273  0.00000000  0.00000000
   0.09765625  0.00000000  0.00000000
   0.10375977  0.00000000  0.00000000
   0.10986328  0.00000000  0.00000000
   0.11596680  0.00000000  0.00000000
   0.12207031  0.00000000  0.00000000
   0.12817383  0.00000000  0.00000000
   0.13427734  0.00000000  0.00000000
   0.14038086  0.00000000  0.00000000
   0.14648438  0.00000000  0.00000000
   0.15258789  0.00000000  0.00000000
   0.15869141  0.00000000  0.00000000
   0.16479492  0.00000000  0.00000000
   0.17089844  0.00000000  0.00000000
   0.17700195  0.00000000  0.00000000
   0.18310547  0.00000000  0.00000000
   0.18920898  0.00000000  0.00000000
   0.19531250  0.00000000  0.00000000
   0.20141602  0.00000000  0.00000000
   0.20751953  0.00007028  0.00002240
   0.21362305  0.00023558  0.00010642
   0.21972656  0.00050203  0.00025422
   0.22583008  0.00088451  0.00048262
   0.23193359  0.00142884  0.00081838
   0.23803711  0.00214278  0.00126172
   0.24414062  0.00310279  0.00188344
   0.25024414  0.00435260  0.00270209
   0.25634766  0.00591006  0.00373147
   0.26245117  0.00759939  0.00490621
   0.26855469  0.00935778  0.00613183
   0.27465820  0.01118137  0.00741391
   0.28076172  0.01303872  0.00871537
   0.28686523  0.01479715  0.00996022
   0.29296875  0.01644695  0.01115441
   0.29907227  0.01776232  0.01209184
   0.30517578  0.01861414  0.01272047
   0.31127930  0.01895652  0.01301202
   0.31738281  0.01889686  0.01303374
   0.32348633  0.01847737  0.01284371
   0.32958984  0.01769801  0.01242351
   0.33569336  0.01656415  0.01178442
   0.34179688  0.01520969  0.01101931
   0.34790039  0.01362765  0.01010962
   0.35400391  0.01203918  0.00924995
   0.36010742  0.01059508  0.00848621
   0.36621094  0.00932781  0.00782457
   0.37231445  0.00826704  0.00724349
   0.37841797  0.00742228  0.00675042
   0.38452148  0.00676961  0.00635411
   0.39062500  0.00634367  0.00607676
   0.39672852  0.00608315  0.00582820
   0.40283203  0.00600079  0.00562621
   0.40893555  0.00603155  0.00541792
   0.41503906  0.00606306  0.00519390
   0.42114258  0.00609848  0.00496945
   0.42724609  0.00613233  0.00472313
   0.43334961  0.00614264  0.00444444
   0.43945312  0.00615066  0.00414217
   0.44555664  0.00611440  0.00380130
   0.45166016  0.00607178  0.00349572
   0.45776367  0.00601510  0.00322289
   0.46386719  0.00592399  0.00297388
   0.46997070  0.00586871  0.00275244
   0.47607422  0.00583732  0.00255518
   0.48217773  0.00576511  0.00241368
   0.48828125  0.00566486  0.00232965
   0.49438477  0.00554769  0.00228182
   0.50048828  0.00544768  0.00227601
   0.50659180  0.00531768  0.00228477
   0.51269531  0.00516048  0.00230283
   0.51879883  0.00501164  0.00234303
   0.52490234  0.00485201  0.00239154
   0.53100586  0.00469990  0.00244844
   0.53710938  0.00460883  0.00250632
   0.54321289  0.00457195  0.00256584
   0.54931641  0.00458397  0.00265274
   0.55541992  0.00461304  0.00275865
   0.56152344  0.00468518  0.00288291
   0.56762695  0.00480447  0.00302621
   0.57373047  0.00492698  0.00316163
   0.57983398  0.00503769  0.00328725
   0.58593750  0.00511361  0.00339107
   0.59204102  0.00513965  0.00346692
   0.59814453  0.00512814  0.00351157
   0.60424805  0.00506526  0.00350984
   0.61035156  0.00497513  0.00346568
   0.61645508  0.00485822  0.00337390
   0.62255859  0.00472105  0.00323946
   0.62866211  0.00459105  0.00308577
   0.63476562  0.00449047  0.00293056
   0.64086914  0.00442526  0.00279404
   0.64697266  0.00439369  0.00266186
   0.65307617  0.00438848  0.00254340
   0.65917969  0.00442016  0.00244856
   0.66528320  0.00450621  0.00239636
   0.67138672  0.00464710  0.00239910
   0.67749023  0.00481617  0.00245545
   0.68359375  0.00505070  0.00258196
   0.68969727  0.00535606  0.00279100
   0.69580078  0.00574114  0.00306052
   0.70190430  0.00622813  0.00343659
   0.70800781  0.00679673  0.00390637
   0.71411133  0.00763693  0.00457778
   0.72021484  0.00868770  0.00542203
   0.72631836  0.00995276  0.00644634
   0.73242188  0.01157996  0.00770934
   0.73852539  0.01344609  0.00914984
   0.74462891  0.01550737  0.01072370
   0.75073242  0.01774499  0.01244106
   0.75683594  0.02015886  0.01428509
   0.76293945  0.02310629  0.01655203
   0.76904297  0.02601345  0.01888864
   0.77514648  0.02891288  0.02127378
   0.78125000  0.03178055  0.02366241
   0.78735352  0.03423953  0.02585930
   0.79345703  0.03640678  0.02791058
   0.79956055  0.03829265  0.02982164
   0.80566406  0.03990898  0.03158334
   0.81176758  0.04112661  0.03308327
   0.81787109  0.04092845  0.03343062
   0.82397461  0.03988768  0.03298663
   0.83007812  0.03802185  0.03180705
   0.83618164  0.03535691  0.02994001
   0.84228516  0.03226338  0.02759036
   0.84838867  0.02870865  0.02475729
   0.85449219  0.02473124  0.02147800
   0.86059570  0.02034201  0.01777255
   0.86669922  0.01571927  0.01380100
   0.87280273  0.01188549  0.01046738
   0.87890625  0.00864922  0.00764976
   0.88500977  0.00599611  0.00532365
   0.89111328  0.00391705  0.00347246
   0.89721680  0.00228774  0.00202589
   0.90332031  0.00110434  0.00097656
   0.90942383  0.00034496  0.00030487
   0.91552734  0.00000000  0.00000000
   0.92163086  0.00000000  0.00000000
   0.92773438  0.00000000  0.00000000
   0.93383789  0.00000000  0.00000000
   0.93994141  0.00000000  0.00000000
   0.94604492  0.00000000  0.00000000
   0.95214844  0.00000000  0.00000000
   0.95825195  0.00000000  0.00000000
   0.96435547  0.00000000  0.00000000
   0.97045898  0.00000000  0.00000000
   0.97656250  0.00000000  0.00000000
   0.98266602  0.00000000  0.00000000
   0.98876953  0.00000000  0.00000000
   0.99487305  0.00000000  0.00000000
   1.00097656  0.00000000  0.00000000
   1.00708008  0.00000000  0.00000000
   1.01318359  0.00000000  0.00000000
   1.01928711  0.00000000  0.00000000
   1.02539062  0.00000000  0.00000000
   1.03149414  0.00000000  0.00000000
   1.03759766  0.00000000  0.00000000
   1.04370117  0.00000000  0.00000000
   1.04980469  0.00000000  0.00000000
   1.05590820  0.00000000  0.00000000
   1.06201172  0.00000000  0.00000000
   1.06811523  0.00000000  0.00000000
   1.07421875  0.00000000  0.00000000
   1.08032227  0.00000000  0.00000000
   1.08642578  0.00000000  0.00000000
   1.09252930  0.00000000  0.00000000
   1.09863281  0.00000000  0.00000000
   1.10473633  0.00000000  0.00000000
   1.11083984  0.00000000  0.00000000
   1.11694336  0.00000000  0.00000000
   1.12304688  0.00000000  0.00000000
   1.12915039  0.00000000  0.00000000
   1.13525391  0.00000000  0.00000000
   1.14135742  0.00000000  0.00000000
   1.14746094  0.00000000  0.00000000
   1.15356445  0.00000000  0.00000000
   1.15966797  0.00000000  0.00000000
   1.16577148  0.00000000  0.00000000
   1.17187500  0.00000000  0.00000000
   1.17797852  0.00000000  0.00000000
   1.18408203  0.00000000  0.00000000
   1.19018555  0.00000000  0.00000000
   1.19628906  0.00000000  0.00000000
   1.20239258  0.00000000  0.00000000
   1.20849609  0.00000000  0.00000000
   1.21459961  0.00000000  0.00000000
   1.22070312  0.00000000  0.00000000
   1.22680664  0.00000000  0.00000000
   1.23291016  0.00000000  0.00000000
   1.23901367  0.00000000  0.00000000
   1.24511719  0.00000000  0.00000000
   1.25122070  0.00000000  0.00000000
   1.25732422  0.00000000  0.00000000
   1.26342773  0.00000000  0.00000000
   1.26953125  0.00000000  0.00000000
   1.27563477  0.00000000  0.00000000
   1.28173828  0.00000000  0.00000000
   1.28784180  0.00000000  0.00000000
   1.29394531  0.00000000  0.00000000
   1.30004883  0.00000000  0.00000000
   1.30615234  0.00000000  0.00000000
   1.31225586  0.00000000  0.00000000
   1.31835938  0.00000000  0.00000000
   1.32446289  0.00000000  0.00000000
   1.33056641  0.00000000  0.00000000
   1.33666992  0.00000000  0.00000000
   1.34277344  0.00000000  0.00000000
   1.34887695  0.00000000  0.00000000
   1.35498047  0.00000000  0.00000000
   1.36108398  0.00000000  0.00000000
   1.36718750  0.00000000  0.00000000
   1.37329102  0.00000000  0.00000000
   1.37939453  0.00000000  0.00000000
   1.38549805  0.00000000  0.00000000
   1.39160156  0.00000000  0.00000000
   1.39770508  0.00000000  0.00000000
   1.40380859  0.00000000  0.00000000
   1.40991211  0.00000000  0.00000000
   1.41601562  0.00000000  0.00000000
   1.42211914  0.00000000  0.00000000
   1.42822266  0.00000000  0.00000000
   1.43432617  0.00000000  0.00000000
   1.44042969  0.00000000  0.00000000
   1.44653320  0.00000000  0.00000000
   1.45263672  0.00000000  0.00000000
   1.45874023  0.00000000  0.00000000
   1.46484375  0.00000000  0.00000000
   1.47094727  0.00000000  0.00000000
   1.47705078  0.00000000  0.00000000
   1.48315430  0.00000000  0.00000000
   1.48925781  0.00000000  0.00000000
   1.49536133  0.00000000  0.00000000
   1.50146484  0.00000000  0.00000000
   1.50756836  0.00000000  0.00000000
   1.51367188  0.00000000  0.00000000
   1.51977539  0.00000000  0.00000000
   1.52587891  0.00000000  0.00000000
   1.53198242  0.00000000  0.00000000
   1.53808594  0.00000000  0.00000000
   1.54418945  0.00000000  0.00000000
   1.55029297  0.00000000  0.00000000
   1.55639648  0.00000000  0.00000000
   1.56250000  0.00000000  0.00000000
   1.56860352  0.00000000  0.00000000
   1.57470703  0.00000000  0.00000000
   1.58081055  0.00000000  0.00000000
   1.58691406  0.00000000  0.00000000
   1.59301758  0.00000000  0.00000000
   1.59912109  0.00000000  0.00000000
   1.60522461  0.00000000  0.00000000
   1.61132812  0.00000000  0.00000000
   1.61743164  0.00000000  0.00000000
   1.62353516  0.00000000  0.00000000
   1.62963867  0.00000000  0.00000000
   1.63574219  0.00000000  0.00000000
   1.64184570  0.00000000  0.00000000
   1.64794922  0.00000000  0.00000000
   1.65405273  0.00000000  0.00000000
   1.66015625  0.00000000  0.00000000
   1.66625977  0.00000000  0.00000000
   1.67236328  0.00000000  0.00000000
