   0.00000000  0.00003747  0.00001614
   0.04882812  0.00006369  0.00001708
   0.09765625  0.00015713  0.00001834
   0.14648438  0.00031782  0.00001979
   0.19531250  0.00054914  0.00002307
   0.24414062  0.00084513  0.00002498
   0.29296875  0.00120908  0.00002709
   0.34179688  0.00164052  0.00002924
   0.39062500  0.00213764  0.00003129
   0.43945312  0.00269278  0.00003307
   0.48828125  0.00325326  0.00003484
   0.53710938  0.00368176  0.00003659
   0.58593750  0.00397713  0.00003833
   0.63476562  0.00413902  0.00003990
   0.68359375  0.00416378  0.00004044
   0.73242188  0.00405152  0.00004003
   0.78125000  0.00380258  0.00003878
   0.83007812  0.00341858  0.00003675
   0.87890625  0.00290699  0.00003398
   0.92773438  0.00232090  0.00003046
   0.97656250  0.00179799  0.00002636
   1.02539062  0.00133967  0.00002177
   1.07421875  0.00094646  0.00001692
   1.12304688  0.00062218  0.00001276
   1.17187500  0.00036684  0.00000928
   1.22070312  0.00018038  0.00000648
   1.26953125  0.00006233  0.00000437
   1.31835938  0.00001039  0.00000302
   1.36718750  0.00000683  0.00000242
   1.41601562  0.00000574  0.00000251
   1.46484375  0.00000673  0.00000326
   1.51367188  0.00001089  0.00000505
   1.56250000  0.00001795  0.00000694
   1.61132812  0.00003532  0.00000893
   1.66015625  0.00007041  0.00001102
