   0.00000000  0.00007060  0.00007060
   0.09765625  0.00019501  0.00019501
   0.19531250  0.00038035  0.00038035
   0.29296875  0.00062629  0.00062629
   0.39062500  0.00093303  0.00093303
   0.48828125  0.00130001  0.00130001
   0.58593750  0.00172744  0.00172744
   0.68359375  0.00221449  0.00221449
   0.78125000  0.00275282  0.00275282
   0.87890625  0.00316986  0.00316986
   0.97656250  0.00346562  0.00346562
   1.07421875  0.00364014  0.00364014
   1.17187500  0.00369349  0.00369349
   1.26953125  0.00362573  0.00362573
   1.36718750  0.00343688  0.00343688
   1.46484375  0.00312697  0.00312697
   1.56250000  0.00269684  0.00269684
   1.66015625  0.00215481  0.00215481
   1.75781250  0.00167345  0.00167345
   1.85546875  0.00125282  0.00125282
   1.95312500  0.00089322  0.00089322
   2.05078125  0.00060150  0.00060150
   2.14843750  0.00038419  0.00038419
   2.24609375  0.00024805  0.00024805
   2.34375000  0.00019981  0.00019981
