wavemakerType   Piston;
tSmooth         1.5;
genAbs          1;

timeSeries 701(
0.0
0.05
0.1
0.15
0.2
0.25
0.3
0.35
0.4
0.45
0.5
0.55
0.6
0.65
0.7
0.75
0.8
0.85
0.9
0.95
1.0
1.05
1.1
1.15
1.2
1.25
1.3
1.35
1.4
1.45
1.5
1.55
1.6
1.65
1.7
1.75
1.8
1.85
1.9
1.95
2.0
2.05
2.1
2.15
2.2
2.25
2.3
2.35
2.4
2.45
2.5
2.55
2.6
2.65
2.7
2.75
2.8
2.85
2.9
2.95
3.0
3.05
3.1
3.15
3.2
3.25
3.3
3.35
3.4
3.45
3.5
3.55
3.6
3.65
3.7
3.75
3.8
3.85
3.9
3.95
4.0
4.05
4.1
4.15
4.2
4.25
4.3
4.35
4.4
4.45
4.5
4.55
4.6
4.65
4.7
4.75
4.8
4.85
4.9
4.95
5.0
5.05
5.1
5.15
5.2
5.25
5.3
5.35
5.4
5.45
5.5
5.55
5.6
5.65
5.7
5.75
5.8
5.85
5.9
5.95
6.0
6.05
6.1
6.15
6.2
6.25
6.3
6.35
6.4
6.45
6.5
6.55
6.6
6.65
6.7
6.75
6.8
6.85
6.9
6.95
7.0
7.05
7.1
7.15
7.2
7.25
7.3
7.35
7.4
7.45
7.5
7.55
7.6
7.65
7.7
7.75
7.8
7.85
7.9
7.95
8.0
8.05
8.1
8.15
8.2
8.25
8.3
8.35
8.4
8.45
8.5
8.55
8.6
8.65
8.7
8.75
8.8
8.85
8.9
8.95
9.0
9.05
9.1
9.15
9.2
9.25
9.3
9.35
9.4
9.45
9.5
9.55
9.6
9.65
9.7
9.75
9.8
9.85
9.9
9.95
10.0
10.05
10.1
10.15
10.2
10.25
10.3
10.35
10.4
10.45
10.5
10.55
10.6
10.65
10.7
10.75
10.8
10.85
10.9
10.95
11.0
11.05
11.1
11.15
11.2
11.25
11.3
11.35
11.4
11.45
11.5
11.55
11.6
11.65
11.7
11.75
11.8
11.85
11.9
11.95
12.0
12.05
12.1
12.15
12.2
12.25
12.3
12.35
12.4
12.45
12.5
12.55
12.6
12.65
12.7
12.75
12.8
12.85
12.9
12.95
13.0
13.05
13.1
13.15
13.2
13.25
13.3
13.35
13.4
13.45
13.5
13.55
13.6
13.65
13.7
13.75
13.8
13.85
13.9
13.95
14.0
14.05
14.1
14.15
14.2
14.25
14.3
14.35
14.4
14.45
14.5
14.55
14.6
14.65
14.7
14.75
14.8
14.85
14.9
14.95
15.0
15.05
15.1
15.15
15.2
15.25
15.3
15.35
15.4
15.45
15.5
15.55
15.6
15.65
15.7
15.75
15.8
15.85
15.9
15.95
16.0
16.05
16.1
16.15
16.2
16.25
16.3
16.35
16.4
16.45
16.5
16.55
16.6
16.65
16.7
16.75
16.8
16.85
16.9
16.95
17.0
17.05
17.1
17.15
17.2
17.25
17.3
17.35
17.4
17.45
17.5
17.55
17.6
17.65
17.7
17.75
17.8
17.85
17.9
17.95
18.0
18.05
18.1
18.15
18.2
18.25
18.3
18.35
18.4
18.45
18.5
18.55
18.6
18.65
18.7
18.75
18.8
18.85
18.9
18.95
19.0
19.05
19.1
19.15
19.2
19.25
19.3
19.35
19.4
19.45
19.5
19.55
19.6
19.65
19.7
19.75
19.8
19.85
19.9
19.95
20.0
20.05
20.1
20.15
20.2
20.25
20.3
20.35
20.4
20.45
20.5
20.55
20.6
20.65
20.7
20.75
20.8
20.85
20.9
20.95
21.0
21.05
21.1
21.15
21.2
21.25
21.3
21.35
21.4
21.45
21.5
21.55
21.6
21.65
21.7
21.75
21.8
21.85
21.9
21.95
22.0
22.05
22.1
22.15
22.2
22.25
22.3
22.35
22.4
22.45
22.5
22.55
22.6
22.65
22.7
22.75
22.8
22.85
22.9
22.95
23.0
23.05
23.1
23.15
23.2
23.25
23.3
23.35
23.4
23.45
23.5
23.55
23.6
23.65
23.7
23.75
23.8
23.85
23.9
23.95
24.0
24.05
24.1
24.15
24.2
24.25
24.3
24.35
24.4
24.45
24.5
24.55
24.6
24.65
24.7
24.75
24.8
24.85
24.9
24.95
25.0
25.05
25.1
25.15
25.2
25.25
25.3
25.35
25.4
25.45
25.5
25.55
25.6
25.65
25.7
25.75
25.8
25.85
25.9
25.95
26.0
26.05
26.1
26.15
26.2
26.25
26.3
26.35
26.4
26.45
26.5
26.55
26.6
26.65
26.7
26.75
26.8
26.85
26.9
26.95
27.0
27.05
27.1
27.15
27.2
27.25
27.3
27.35
27.4
27.45
27.5
27.55
27.6
27.65
27.7
27.75
27.8
27.85
27.9
27.95
28.0
28.05
28.1
28.15
28.2
28.25
28.3
28.35
28.4
28.45
28.5
28.55
28.6
28.65
28.7
28.75
28.8
28.85
28.9
28.95
29.0
29.05
29.1
29.15
29.2
29.25
29.3
29.35
29.4
29.45
29.5
29.55
29.6
29.65
29.7
29.75
29.8
29.85
29.9
29.95
30.0
30.05
30.1
30.15
30.2
30.25
30.3
30.35
30.4
30.45
30.5
30.55
30.6
30.65
30.7
30.75
30.8
30.85
30.9
30.95
31.0
31.05
31.1
31.15
31.2
31.25
31.3
31.35
31.4
31.45
31.5
31.55
31.6
31.65
31.7
31.75
31.8
31.85
31.9
31.95
32.0
32.05
32.1
32.15
32.2
32.25
32.3
32.35
32.4
32.45
32.5
32.55
32.6
32.65
32.7
32.75
32.8
32.85
32.9
32.95
33.0
33.05
33.1
33.15
33.2
33.25
33.3
33.35
33.4
33.45
33.5
33.55
33.6
33.65
33.7
33.75
33.8
33.85
33.9
33.95
34.0
34.05
34.1
34.15
34.2
34.25
34.3
34.35
34.4
34.45
34.5
34.55
34.6
34.65
34.7
34.75
34.8
34.85
34.9
34.95
35.0
);

paddlePosition 1(
701(
6.63266413895e-18
0.0140223606626
0.0278087386381
0.0411271225985
0.0537533770995
0.0654750145625
0.0760947712334
0.0854339269397
0.0933353127773
0.0996659561101
0.10431931837
0.107217087998
0.10831049835
0.107581148394
0.10504131238
0.100733733277
0.0947309034502
0.0871338446856
0.0780704080905
0.0676931224847
0.0561766274885
0.0437147345079
0.0305171650771
0.0168060214493
0.00281204883172
-0.0112292478318
-0.0250815671796
-0.0385117881545
-0.0512938932043
-0.0632127719371
-0.0740678412201
-0.0836764207986
-0.0918768076268
-0.0985309971728
-0.103527005901
-0.106780755844
-0.108237489558
-0.10787269163
-0.105692501256
-0.101733608917
-0.0960626389205
-0.0887750281736
-0.0799934200749
-0.0698656005448
-0.0585620109322
-0.0462728796527
-0.0332050208291
-0.0195783538113
-0.00562220214739
0.00842856570867
0.0223374890043
0.0358704940929
0.0487998336656
0.0609079195168
0.071990984342
0.0818625109433
0.0903563711323
0.0973296215061
0.102664909045
0.106272446052
0.108091521187
0.108091521187
0.106272446052
0.102664909045
0.0973296215061
0.0903563711323
0.0818625109433
0.071990984342
0.0609079195168
0.0487998336656
0.0358704940929
0.0223374890043
0.00842856570867
-0.00562220214739
-0.0195783538113
-0.0332050208291
-0.0462728796527
-0.0585620109322
-0.0698656005448
-0.0799934200749
-0.0887750281736
-0.0960626389205
-0.101733608917
-0.105692501256
-0.10787269163
-0.108237489558
-0.106780755844
-0.103527005901
-0.0985309971728
-0.0918768076268
-0.0836764207986
-0.0740678412201
-0.0632127719371
-0.0512938932043
-0.0385117881545
-0.0250815671796
-0.0112292478318
0.00281204883172
0.0168060214493
0.0305171650771
0.0437147345079
0.0561766274885
0.0676931224847
0.0780704080905
0.0871338446856
0.0947309034502
0.100733733277
0.10504131238
0.107581148394
0.10831049835
0.107217087998
0.10431931837
0.0996659561101
0.0933353127773
0.0854339269397
0.0760947712334
0.0654750145625
0.0537533770995
0.0411271225985
0.0278087386381
0.0140223606626
-3.2513463831e-16
-0.0140223606626
-0.0278087386381
-0.0411271225985
-0.0537533770995
-0.0654750145625
-0.0760947712334
-0.0854339269397
-0.0933353127773
-0.0996659561101
-0.10431931837
-0.107217087998
-0.10831049835
-0.107581148394
-0.10504131238
-0.100733733277
-0.0947309034502
-0.0871338446856
-0.0780704080905
-0.0676931224847
-0.0561766274885
-0.0437147345079
-0.0305171650771
-0.0168060214493
-0.00281204883172
0.0112292478318
0.0250815671796
0.0385117881545
0.0512938932043
0.0632127719371
0.0740678412201
0.0836764207986
0.0918768076268
0.0985309971728
0.103527005901
0.106780755844
0.108237489558
0.10787269163
0.105692501256
0.101733608917
0.0960626389205
0.0887750281736
0.0799934200749
0.0698656005448
0.0585620109322
0.0462728796527
0.0332050208291
0.0195783538113
0.00562220214739
-0.00842856570867
-0.0223374890043
-0.0358704940929
-0.0487998336656
-0.0609079195168
-0.071990984342
-0.0818625109433
-0.0903563711323
-0.0973296215061
-0.102664909045
-0.106272446052
-0.108091521187
-0.108091521187
-0.106272446052
-0.102664909045
-0.0973296215061
-0.0903563711323
-0.0818625109433
-0.071990984342
-0.0609079195168
-0.0487998336656
-0.0358704940929
-0.0223374890043
-0.00842856570867
0.00562220214739
0.0195783538113
0.0332050208291
0.0462728796527
0.0585620109322
0.0698656005448
0.0799934200749
0.0887750281736
0.0960626389205
0.101733608917
0.105692501256
0.10787269163
0.108237489558
0.106780755844
0.103527005901
0.0985309971728
0.0918768076268
0.0836764207986
0.0740678412201
0.0632127719371
0.0512938932043
0.0385117881545
0.0250815671796
0.0112292478318
-0.00281204883172
-0.0168060214493
-0.0305171650771
-0.0437147345079
-0.0561766274885
-0.0676931224847
-0.0780704080905
-0.0871338446856
-0.0947309034502
-0.100733733277
-0.10504131238
-0.107581148394
-0.10831049835
-0.107217087998
-0.10431931837
-0.0996659561101
-0.0933353127773
-0.0854339269397
-0.0760947712334
-0.0654750145625
-0.0537533770995
-0.0411271225985
-0.0278087386381
-0.0140223606626
4.51222304701e-16
0.0140223606626
0.0278087386381
0.0411271225985
0.0537533770995
0.0654750145625
0.0760947712334
0.0854339269397
0.0933353127773
0.0996659561101
0.10431931837
0.107217087998
0.10831049835
0.107581148394
0.10504131238
0.100733733277
0.0947309034502
0.0871338446856
0.0780704080905
0.0676931224847
0.0561766274885
0.0437147345079
0.0305171650771
0.0168060214493
0.00281204883172
-0.0112292478318
-0.0250815671796
-0.0385117881545
-0.0512938932043
-0.0632127719371
-0.0740678412201
-0.0836764207986
-0.0918768076268
-0.0985309971728
-0.103527005901
-0.106780755844
-0.108237489558
-0.10787269163
-0.105692501256
-0.101733608917
-0.0960626389205
-0.0887750281736
-0.0799934200749
-0.0698656005448
-0.0585620109322
-0.0462728796527
-0.0332050208291
-0.0195783538113
-0.00562220214739
0.00842856570867
0.0223374890043
0.0358704940929
0.0487998336656
0.0609079195168
0.071990984342
0.0818625109433
0.0903563711323
0.0973296215061
0.102664909045
0.106272446052
0.108091521187
0.108091521187
0.106272446052
0.102664909045
0.0973296215061
0.0903563711323
0.0818625109433
0.071990984342
0.0609079195168
0.0487998336656
0.0358704940929
0.0223374890043
0.00842856570867
-0.00562220214739
-0.0195783538113
-0.0332050208291
-0.0462728796527
-0.0585620109322
-0.0698656005448
-0.0799934200749
-0.0887750281736
-0.0960626389205
-0.101733608917
-0.105692501256
-0.10787269163
-0.108237489558
-0.106780755844
-0.103527005901
-0.0985309971728
-0.0918768076268
-0.0836764207986
-0.0740678412201
-0.0632127719371
-0.0512938932043
-0.0385117881545
-0.0250815671796
-0.0112292478318
0.00281204883172
0.0168060214493
0.0305171650771
0.0437147345079
0.0561766274885
0.0676931224847
0.0780704080905
0.0871338446856
0.0947309034502
0.100733733277
0.10504131238
0.107581148394
0.10831049835
0.107217087998
0.10431931837
0.0996659561101
0.0933353127773
0.0854339269397
0.0760947712334
0.0654750145625
0.0537533770995
0.0411271225985
0.0278087386381
0.0140223606626
-7.69724278872e-16
-0.0140223606626
-0.0278087386381
-0.0411271225985
-0.0537533770995
-0.0654750145625
-0.0760947712334
-0.0854339269397
-0.0933353127773
-0.0996659561101
-0.10431931837
-0.107217087998
-0.10831049835
-0.107581148394
-0.10504131238
-0.100733733277
-0.0947309034502
-0.0871338446856
-0.0780704080905
-0.0676931224847
-0.0561766274885
-0.0437147345079
-0.0305171650771
-0.0168060214493
-0.00281204883172
0.0112292478318
0.0250815671796
0.0385117881545
0.0512938932043
0.0632127719371
0.0740678412201
0.0836764207986
0.0918768076268
0.0985309971728
0.103527005901
0.106780755844
0.108237489558
0.10787269163
0.105692501256
0.101733608917
0.0960626389205
0.0887750281736
0.0799934200749
0.0698656005448
0.0585620109322
0.0462728796527
0.0332050208291
0.0195783538113
0.00562220214739
-0.00842856570867
-0.0223374890043
-0.0358704940929
-0.0487998336656
-0.0609079195168
-0.071990984342
-0.0818625109433
-0.0903563711323
-0.0973296215061
-0.102664909045
-0.106272446052
-0.108091521187
-0.108091521187
-0.106272446052
-0.102664909045
-0.0973296215061
-0.0903563711323
-0.0818625109433
-0.071990984342
-0.0609079195168
-0.0487998336656
-0.0358704940929
-0.0223374890043
-0.00842856570867
0.00562220214739
0.0195783538113
0.0332050208291
0.0462728796527
0.0585620109322
0.0698656005448
0.0799934200749
0.0887750281736
0.0960626389205
0.101733608917
0.105692501256
0.10787269163
0.108237489558
0.106780755844
0.103527005901
0.0985309971728
0.0918768076268
0.0836764207986
0.0740678412201
0.0632127719371
0.0512938932043
0.0385117881545
0.0250815671796
0.0112292478318
-0.00281204883172
-0.0168060214493
-0.0305171650771
-0.0437147345079
-0.0561766274885
-0.0676931224847
-0.0780704080905
-0.0871338446856
-0.0947309034502
-0.100733733277
-0.10504131238
-0.107581148394
-0.10831049835
-0.107217087998
-0.10431931837
-0.0996659561101
-0.0933353127773
-0.0854339269397
-0.0760947712334
-0.0654750145625
-0.0537533770995
-0.0411271225985
-0.0278087386381
-0.0140223606626
1.08822625304e-15
0.0140223606626
0.0278087386381
0.0411271225985
0.0537533770995
0.0654750145625
0.0760947712334
0.0854339269397
0.0933353127773
0.0996659561101
0.10431931837
0.107217087998
0.10831049835
0.107581148394
0.10504131238
0.100733733277
0.0947309034502
0.0871338446856
0.0780704080905
0.0676931224847
0.0561766274885
0.0437147345079
0.0305171650771
0.0168060214493
0.00281204883172
-0.0112292478318
-0.0250815671796
-0.0385117881545
-0.0512938932043
-0.0632127719371
-0.0740678412201
-0.0836764207986
-0.0918768076268
-0.0985309971728
-0.103527005901
-0.106780755844
-0.108237489558
-0.10787269163
-0.105692501256
-0.101733608917
-0.0960626389205
-0.0887750281736
-0.0799934200749
-0.0698656005448
-0.0585620109322
-0.0462728796527
-0.0332050208291
-0.0195783538113
-0.00562220214739
0.00842856570867
0.0223374890043
0.0358704940929
0.0487998336656
0.0609079195168
0.071990984342
0.0818625109433
0.0903563711323
0.0973296215061
0.102664909045
0.106272446052
0.108091521187
0.108091521187
0.106272446052
0.102664909045
0.0973296215061
0.0903563711323
0.0818625109433
0.071990984342
0.0609079195168
0.0487998336656
0.0358704940929
0.0223374890043
0.00842856570867
-0.00562220214739
-0.0195783538113
-0.0332050208291
-0.0462728796527
-0.0585620109322
-0.0698656005448
-0.0799934200749
-0.0887750281736
-0.0960626389205
-0.101733608917
-0.105692501256
-0.10787269163
-0.108237489558
-0.106780755844
-0.103527005901
-0.0985309971728
-0.0918768076268
-0.0836764207986
-0.0740678412201
-0.0632127719371
-0.0512938932043
-0.0385117881545
-0.0250815671796
-0.0112292478318
0.00281204883172
0.0168060214493
0.0305171650771
0.0437147345079
0.0561766274885
0.0676931224847
0.0780704080905
0.0871338446856
0.0947309034502
0.100733733277
0.10504131238
0.107581148394
0.10831049835
0.107217087998
0.10431931837
0.0996659561101
0.0933353127773
0.0854339269397
0.0760947712334
0.0654750145625
0.0537533770995
0.0411271225985
0.0278087386381
0.0140223606626
-6.37070996093e-16
-0.0140223606626
-0.0278087386381
-0.0411271225985
-0.0537533770995
-0.0654750145625
-0.0760947712334
-0.0854339269397
-0.0933353127773
-0.0996659561101
-0.10431931837
-0.107217087998
-0.10831049835
-0.107581148394
-0.10504131238
-0.100733733277
-0.0947309034502
-0.0871338446856
-0.0780704080905
-0.0676931224847
-0.0561766274885
-0.0437147345079
-0.0305171650771
-0.0168060214493
-0.00281204883172
0.0112292478318
0.0250815671796
0.0385117881545
0.0512938932043
0.0632127719371
0.0740678412201
0.0836764207986
0.0918768076268
0.0985309971728
0.103527005901
0.106780755844
0.108237489558
0.10787269163
0.105692501256
0.101733608917
0.0960626389205
0.0887750281736
0.0799934200749
0.0698656005448
0.0585620109322
0.0462728796527
0.0332050208291
0.0195783538113
0.00562220214739
-0.00842856570867
-0.0223374890043
-0.0358704940929
-0.0487998336656
-0.0609079195168
-0.071990984342
-0.0818625109433
-0.0903563711323
-0.0973296215061
-0.102664909045
-0.106272446052
-0.108091521187
-0.108091521187
-0.106272446052
-0.102664909045
-0.0973296215061
-0.0903563711323
-0.0818625109433
-0.071990984342
-0.0609079195168
-0.0487998336656
-0.0358704940929
-0.0223374890043
-0.00842856570867
0.00562220214739
0.0195783538113
0.0332050208291
0.0462728796527
0.0585620109322
0.0698656005448
0.0799934200749
0.0887750281736
0.0960626389205
0.101733608917
0.105692501256
0.10787269163
0.108237489558
0.106780755844
0.103527005901
0.0985309971728
0.0918768076268
0.0836764207986
0.0740678412201
0.0632127719371
0.0512938932043
0.0385117881545
0.0250815671796
)
);

paddleEta 1(
701(
0.1
0.0991585486468
0.0966483553947
0.0925116643539
0.0868180920099
0.0796634556457
0.0711681608305
0.0614751751104
0.0507476220047
0.0391660357947
0.0269253233084
0.0142314838273
0.00129814231979
-0.01165704566
-0.0244160569028
-0.0367641696633
-0.0484935772174
-0.0594068850481
-0.0693204328025
-0.0780673851172
-0.0855005392948
-0.0914948025826
-0.0959492973614
-0.0987890588182
-0.0999662965304
-0.0994611987327
-0.0972822657296
-0.0934661668437
-0.0880771233063
-0.0812058274771
-0.0729679165794
-0.0635020266388
-0.0529674593731
-0.0415415013002
-0.0294164401775
-0.016796328987
-0.00389355192137
0.00907474983493
0.0218903323807
0.0343375219303
0.046206844394
0.0572985506229
0.0674259779926
0.0764186917537
0.0841253532831
0.0904162669653
0.0951855628436
0.0983529783087
0.0998652088399
0.0996968050687
0.0978506010668
0.0943576666512
0.0892767845098
0.0826934609456
0.0747184868891
0.0654860733945
0.0551515929984
0.0438889649511
0.0318877283248
0.0193498522554
0.00648633699877
-0.00648633699877
-0.0193498522554
-0.0318877283248
-0.0438889649511
-0.0551515929984
-0.0654860733945
-0.0747184868891
-0.0826934609456
-0.0892767845098
-0.0943576666512
-0.0978506010668
-0.0996968050687
-0.0998652088399
-0.0983529783087
-0.0951855628436
-0.0904162669653
-0.0841253532831
-0.0764186917537
-0.0674259779926
-0.0572985506229
-0.046206844394
-0.0343375219303
-0.0218903323807
-0.00907474983493
0.00389355192137
0.016796328987
0.0294164401775
0.0415415013002
0.0529674593731
0.0635020266388
0.0729679165794
0.0812058274771
0.0880771233063
0.0934661668437
0.0972822657296
0.0994611987327
0.0999662965304
0.0987890588182
0.0959492973614
0.0914948025826
0.0855005392948
0.0780673851172
0.0693204328025
0.0594068850481
0.0484935772174
0.0367641696633
0.0244160569028
0.01165704566
-0.00129814231979
-0.0142314838273
-0.0269253233084
-0.0391660357947
-0.0507476220047
-0.0614751751104
-0.0711681608305
-0.0796634556457
-0.0868180920099
-0.0925116643539
-0.0966483553947
-0.0991585486468
-0.1
-0.0991585486468
-0.0966483553947
-0.0925116643539
-0.0868180920099
-0.0796634556457
-0.0711681608305
-0.0614751751104
-0.0507476220047
-0.0391660357947
-0.0269253233084
-0.0142314838273
-0.00129814231979
0.01165704566
0.0244160569028
0.0367641696633
0.0484935772174
0.0594068850481
0.0693204328025
0.0780673851172
0.0855005392948
0.0914948025826
0.0959492973614
0.0987890588182
0.0999662965304
0.0994611987327
0.0972822657296
0.0934661668437
0.0880771233063
0.0812058274771
0.0729679165794
0.0635020266388
0.0529674593731
0.0415415013002
0.0294164401775
0.016796328987
0.00389355192137
-0.00907474983493
-0.0218903323807
-0.0343375219303
-0.046206844394
-0.0572985506229
-0.0674259779926
-0.0764186917537
-0.0841253532831
-0.0904162669653
-0.0951855628436
-0.0983529783087
-0.0998652088399
-0.0996968050687
-0.0978506010668
-0.0943576666512
-0.0892767845098
-0.0826934609456
-0.0747184868891
-0.0654860733945
-0.0551515929984
-0.0438889649511
-0.0318877283248
-0.0193498522554
-0.00648633699877
0.00648633699877
0.0193498522554
0.0318877283248
0.0438889649511
0.0551515929984
0.0654860733945
0.0747184868891
0.0826934609456
0.0892767845098
0.0943576666512
0.0978506010668
0.0996968050687
0.0998652088399
0.0983529783087
0.0951855628436
0.0904162669653
0.0841253532831
0.0764186917537
0.0674259779926
0.0572985506229
0.046206844394
0.0343375219303
0.0218903323807
0.00907474983493
-0.00389355192137
-0.016796328987
-0.0294164401775
-0.0415415013002
-0.0529674593731
-0.0635020266388
-0.0729679165794
-0.0812058274771
-0.0880771233063
-0.0934661668437
-0.0972822657296
-0.0994611987327
-0.0999662965304
-0.0987890588182
-0.0959492973614
-0.0914948025826
-0.0855005392948
-0.0780673851172
-0.0693204328025
-0.0594068850481
-0.0484935772174
-0.0367641696633
-0.0244160569028
-0.01165704566
0.00129814231979
0.0142314838273
0.0269253233084
0.0391660357947
0.0507476220047
0.0614751751104
0.0711681608305
0.0796634556457
0.0868180920099
0.0925116643539
0.0966483553947
0.0991585486468
0.1
0.0991585486468
0.0966483553947
0.0925116643539
0.0868180920099
0.0796634556457
0.0711681608305
0.0614751751104
0.0507476220047
0.0391660357947
0.0269253233084
0.0142314838273
0.00129814231979
-0.01165704566
-0.0244160569028
-0.0367641696633
-0.0484935772174
-0.0594068850481
-0.0693204328025
-0.0780673851172
-0.0855005392948
-0.0914948025826
-0.0959492973614
-0.0987890588182
-0.0999662965304
-0.0994611987327
-0.0972822657296
-0.0934661668437
-0.0880771233063
-0.0812058274771
-0.0729679165794
-0.0635020266388
-0.0529674593731
-0.0415415013002
-0.0294164401775
-0.016796328987
-0.00389355192137
0.00907474983493
0.0218903323807
0.0343375219303
0.046206844394
0.0572985506229
0.0674259779926
0.0764186917537
0.0841253532831
0.0904162669653
0.0951855628436
0.0983529783087
0.0998652088399
0.0996968050687
0.0978506010668
0.0943576666512
0.0892767845098
0.0826934609456
0.0747184868891
0.0654860733945
0.0551515929984
0.0438889649511
0.0318877283248
0.0193498522554
0.00648633699877
-0.00648633699877
-0.0193498522554
-0.0318877283248
-0.0438889649511
-0.0551515929984
-0.0654860733945
-0.0747184868891
-0.0826934609456
-0.0892767845098
-0.0943576666512
-0.0978506010668
-0.0996968050687
-0.0998652088399
-0.0983529783087
-0.0951855628436
-0.0904162669653
-0.0841253532831
-0.0764186917537
-0.0674259779926
-0.0572985506229
-0.046206844394
-0.0343375219303
-0.0218903323807
-0.00907474983493
0.00389355192137
0.016796328987
0.0294164401775
0.0415415013002
0.0529674593731
0.0635020266388
0.0729679165794
0.0812058274771
0.0880771233063
0.0934661668437
0.0972822657296
0.0994611987327
0.0999662965304
0.0987890588182
0.0959492973614
0.0914948025826
0.0855005392948
0.0780673851172
0.0693204328025
0.0594068850481
0.0484935772174
0.0367641696633
0.0244160569028
0.01165704566
-0.00129814231979
-0.0142314838273
-0.0269253233084
-0.0391660357947
-0.0507476220047
-0.0614751751104
-0.0711681608305
-0.0796634556457
-0.0868180920099
-0.0925116643539
-0.0966483553947
-0.0991585486468
-0.1
-0.0991585486468
-0.0966483553947
-0.0925116643539
-0.0868180920099
-0.0796634556457
-0.0711681608305
-0.0614751751104
-0.0507476220047
-0.0391660357947
-0.0269253233084
-0.0142314838273
-0.00129814231979
0.01165704566
0.0244160569028
0.0367641696633
0.0484935772174
0.0594068850481
0.0693204328025
0.0780673851172
0.0855005392948
0.0914948025826
0.0959492973614
0.0987890588182
0.0999662965304
0.0994611987327
0.0972822657296
0.0934661668437
0.0880771233063
0.0812058274771
0.0729679165794
0.0635020266388
0.0529674593731
0.0415415013002
0.0294164401775
0.016796328987
0.00389355192137
-0.00907474983493
-0.0218903323807
-0.0343375219303
-0.046206844394
-0.0572985506229
-0.0674259779926
-0.0764186917537
-0.0841253532831
-0.0904162669653
-0.0951855628436
-0.0983529783087
-0.0998652088399
-0.0996968050687
-0.0978506010668
-0.0943576666512
-0.0892767845098
-0.0826934609456
-0.0747184868891
-0.0654860733945
-0.0551515929984
-0.0438889649511
-0.0318877283248
-0.0193498522554
-0.00648633699877
0.00648633699878
0.0193498522554
0.0318877283248
0.0438889649511
0.0551515929984
0.0654860733945
0.0747184868891
0.0826934609456
0.0892767845098
0.0943576666512
0.0978506010668
0.0996968050687
0.0998652088399
0.0983529783087
0.0951855628436
0.0904162669653
0.0841253532831
0.0764186917537
0.0674259779926
0.0572985506229
0.046206844394
0.0343375219303
0.0218903323807
0.00907474983493
-0.00389355192137
-0.016796328987
-0.0294164401775
-0.0415415013002
-0.0529674593731
-0.0635020266388
-0.0729679165794
-0.0812058274771
-0.0880771233063
-0.0934661668437
-0.0972822657296
-0.0994611987327
-0.0999662965304
-0.0987890588182
-0.0959492973614
-0.0914948025826
-0.0855005392948
-0.0780673851172
-0.0693204328025
-0.0594068850481
-0.0484935772174
-0.0367641696633
-0.0244160569028
-0.01165704566
0.00129814231979
0.0142314838273
0.0269253233084
0.0391660357947
0.0507476220047
0.0614751751104
0.0711681608305
0.0796634556457
0.0868180920099
0.0925116643539
0.0966483553947
0.0991585486468
0.1
0.0991585486468
0.0966483553947
0.0925116643539
0.0868180920099
0.0796634556457
0.0711681608305
0.0614751751104
0.0507476220047
0.0391660357947
0.0269253233084
0.0142314838273
0.00129814231979
-0.01165704566
-0.0244160569028
-0.0367641696633
-0.0484935772174
-0.0594068850481
-0.0693204328025
-0.0780673851172
-0.0855005392948
-0.0914948025826
-0.0959492973614
-0.0987890588182
-0.0999662965304
-0.0994611987327
-0.0972822657296
-0.0934661668437
-0.0880771233063
-0.0812058274771
-0.0729679165794
-0.0635020266388
-0.0529674593731
-0.0415415013002
-0.0294164401775
-0.016796328987
-0.00389355192137
0.00907474983493
0.0218903323807
0.0343375219303
0.046206844394
0.0572985506229
0.0674259779926
0.0764186917537
0.0841253532831
0.0904162669653
0.0951855628436
0.0983529783087
0.0998652088399
0.0996968050687
0.0978506010668
0.0943576666512
0.0892767845098
0.0826934609456
0.0747184868891
0.0654860733945
0.0551515929984
0.0438889649511
0.0318877283248
0.0193498522554
0.00648633699877
-0.00648633699877
-0.0193498522554
-0.0318877283248
-0.0438889649511
-0.0551515929984
-0.0654860733945
-0.0747184868891
-0.0826934609456
-0.0892767845098
-0.0943576666512
-0.0978506010668
-0.0996968050687
-0.0998652088399
-0.0983529783087
-0.0951855628436
-0.0904162669653
-0.0841253532831
-0.0764186917537
-0.0674259779926
-0.0572985506229
-0.046206844394
-0.0343375219303
-0.0218903323807
-0.00907474983493
0.00389355192137
0.016796328987
0.0294164401776
0.0415415013002
0.0529674593731
0.0635020266388
0.0729679165794
0.0812058274771
0.0880771233063
0.0934661668437
0.0972822657296
0.0994611987327
0.0999662965304
0.0987890588182
0.0959492973614
0.0914948025826
0.0855005392948
0.0780673851172
0.0693204328025
0.0594068850481
0.0484935772174
0.0367641696633
0.0244160569028
0.01165704566
-0.00129814231979
-0.0142314838273
-0.0269253233084
-0.0391660357947
-0.0507476220047
-0.0614751751104
-0.0711681608305
-0.0796634556457
-0.0868180920099
-0.0925116643539
-0.0966483553947
-0.0991585486468
-0.1
-0.0991585486468
-0.0966483553947
-0.0925116643539
-0.0868180920099
-0.0796634556457
-0.0711681608305
-0.0614751751104
-0.0507476220047
-0.0391660357947
-0.0269253233084
-0.0142314838273
-0.00129814231979
0.01165704566
0.0244160569028
0.0367641696633
0.0484935772174
0.0594068850481
0.0693204328025
0.0780673851172
0.0855005392948
0.0914948025826
0.0959492973614
0.0987890588182
0.0999662965304
0.0994611987327
0.0972822657296
0.0934661668437
0.0880771233063
0.0812058274771
0.0729679165794
0.0635020266388
0.0529674593731
0.0415415013002
0.0294164401775
0.016796328987
0.00389355192137
-0.00907474983493
-0.0218903323807
-0.0343375219303
-0.046206844394
-0.0572985506229
-0.0674259779926
-0.0764186917537
-0.0841253532831
-0.0904162669653
-0.0951855628436
-0.0983529783087
-0.0998652088399
-0.0996968050687
-0.0978506010668
-0.0943576666512
-0.0892767845098
-0.0826934609456
-0.0747184868891
-0.0654860733945
-0.0551515929984
-0.0438889649511
-0.0318877283248
-0.0193498522554
-0.00648633699877
0.00648633699878
0.0193498522554
0.0318877283248
0.0438889649511
0.0551515929984
0.0654860733945
0.0747184868891
0.0826934609456
0.0892767845098
0.0943576666512
0.0978506010668
0.0996968050687
0.0998652088399
0.0983529783087
0.0951855628436
0.0904162669653
0.0841253532831
0.0764186917537
0.0674259779926
0.0572985506229
0.046206844394
0.0343375219303
0.0218903323807
0.00907474983493
-0.00389355192137
-0.016796328987
-0.0294164401776
-0.0415415013002
-0.0529674593731
-0.0635020266388
-0.0729679165794
-0.0812058274771
-0.0880771233063
-0.0934661668437
-0.0972822657296
)
);

