   0.00000000  0.00000000  0.00000000
   0.00305176  0.00000000  0.00000000
   0.00610352  0.00000000  0.00000000
   0.00915527  0.00038011  0.00059217
   0.01220703  0.02134356  0.02559109
   0.01525879  0.06318295  0.07581276
   0.01831055  0.16271242  0.19549909
   0.02136230  0.32017872  0.38505507
   0.02441406  0.54268211  0.65858144
   0.02746582  0.83027416  1.01615942
   0.03051758  1.18562520  1.46239793
   0.03356934  1.60875535  1.99735940
   0.03662109  2.10018778  2.62442255
   0.03967285  2.59933400  3.27215242
   0.04272461  3.10787606  3.94093227
   0.04577637  3.51537991  4.49805593
   0.04882813  3.82472134  4.94476366
   0.05187988  4.01460075  5.23881483
   0.05493164  4.10823917  5.39769077
   0.05798340  4.09762716  5.40763426
   0.06103516  4.00308704  5.28842878
   0.06408691  3.82115650  5.02682018
   0.06713867  3.61718369  4.69932747
   0.07019043  3.38442063  4.29999781
   0.07324219  3.24385476  3.97094011
   0.07629395  3.18547988  3.70611954
   0.07934570  3.23260403  3.54837537
   0.08239746  3.31541061  3.44492507
   0.08544922  3.44586730  3.41238880
   0.08850098  3.56341505  3.39166784
   0.09155273  3.78192568  3.49424577
   0.09460449  4.06842613  3.68254566
   0.09765625  4.47093153  3.99403858
   0.10070801  4.92127371  4.35651159
   0.10375977  5.43655968  4.78449965
   0.10681152  6.00403500  5.26230907
   0.10986328  6.69450760  5.84336853
   0.11291504  7.49388981  6.51471710
   0.11596680  8.46195412  7.33754635
   0.11901855  9.26697254  8.01434708
   0.12207031  9.92398167  8.56636810
   0.12512207 10.30822849  8.90111732
   0.12817383 10.46380997  9.05411053
   0.13122559 10.36706066  8.99946404
   0.13427734 10.03437233  8.74284267
   0.13732910  9.43945122  8.26472378
   0.14038086  8.59314156  7.57282019
   0.14343262  7.47629356  6.63966179
   0.14648438  6.42611599  5.76665306
   0.14953613  5.42694807  4.92196178
   0.15258789  4.61661482  4.21390724
   0.15563965  3.94623232  3.60990405
   0.15869141  3.69924974  3.31093621
   0.16174316  3.84207654  3.30462837
   0.16479492  4.53191376  3.64570522
   0.16784668  5.76683617  4.33402872
   0.17089844  7.55762911  5.38723707
   0.17395020  9.77621746  6.68397999
   0.17700195 12.67692280  8.39044666
   0.18005371 16.17469025 10.42225552
   0.18310547 20.82942772 13.08441544
   0.18615723 25.84574127 15.83803940
   0.18920898 31.57919693 18.86551666
   0.19226074 37.56644440 22.00845337
   0.19531250 43.97847748 25.32959938
   0.19836426 50.78126907 28.79829597
   0.20141602 58.14748764 32.52026367
   0.20446777 65.34970093 36.07530975
   0.20751953 72.56868744 39.58802795
   0.21057129 78.22699738 42.20655441
   0.21362305 83.26218414 44.52675629
   0.21667480 86.68833923 46.03035736
   0.21972656 89.10902405 46.93347168
   0.22277832 90.00254822 47.03629684
   0.22583008 89.47702026 46.40034485
   0.22888184 87.05702972 44.76723099
   0.23193359 83.59451294 42.60999298
   0.23498535 78.65827942 39.69524002
   0.23803711 74.15719604 36.99150085
   0.24108887 69.37865448 34.12434006
   0.24414062 65.53053284 31.72508812
   0.24719238 62.03446579 29.56443977
   0.25024414 59.55891418 27.89517593
   0.25329590 57.87251282 26.60770607
   0.25634766 57.60966110 26.00322723
   0.25939941 58.14327621 25.75656509
   0.26245117 60.03584290 26.12497330
   0.26550293 61.73164368 26.45180702
   0.26855469 63.97216797 27.00997162
   0.27160645 65.73966217 27.28073692
   0.27465820 67.68740845 27.52175903
   0.27770996 69.20873260 27.51642036
   0.28076172 70.63730621 27.39929771
   0.28381348 71.32710266 26.93935966
   0.28686523 71.78063965 26.34408760
   0.28991699 71.42850494 25.42103195
   0.29296875 71.31424713 24.56246567
   0.29602051 70.41500854 23.47833633
   0.29907227 69.46136475 22.53456879
   0.30212402 67.62626648 21.43157959
   0.30517578 65.35525513 20.34856796
   0.30822754 62.22877884 19.14747238
   0.31127930 58.79997253 17.97957230
   0.31433105 54.58493423 16.72216034
   0.31738281 50.15377045 15.51642227
   0.32043457 45.13816071 14.18831921
   0.32348633 40.59397888 13.01482201
   0.32653809 36.17386627 11.82201576
   0.32958984 32.56140900 10.84937859
   0.33264160 29.56950569  9.95444393
   0.33569336 27.54682732  9.24212074
   0.33874512 26.13621140  8.64936733
   0.34179688 25.69544792  8.23747063
   0.34484863 25.65883636  7.90251923
   0.34790039 26.04560280  7.69286585
   0.35095215 26.01550674  7.37555933
   0.35400391 25.68545532  7.00919533
   0.35705566 24.82971573  6.51490498
   0.36010742 23.49182892  5.98585320
   0.36315918 21.55521393  5.38761473
   0.36621094 19.21463776  4.73459625
   0.36926270 16.35099602  4.00634193
   0.37231445 13.38711548  3.26673412
   0.37536621 10.32044029  2.50006008
   0.37841797  7.70047855  1.86434317
   0.38146973  5.48818493  1.33997619
   0.38452148  3.68244839  0.92644429
   0.38757324  2.26871395  0.59266448
   0.39062500  1.24690092  0.33825830
   0.39367676  0.55192196  0.15832941
   0.39672852  0.18331262  0.05268801
   0.39978027  0.00000000  0.00000000
   0.40283203  0.00000000  0.00000000
   0.40588379  0.00000000  0.00000000
   0.40893555  0.00000000  0.00000000
   0.41198730  0.00000000  0.00000000
   0.41503906  0.00000000  0.00000000
   0.41809082  0.00000000  0.00000000
   0.42114258  0.00000000  0.00000000
   0.42419434  0.00000000  0.00000000
   0.42724609  0.00000000  0.00000000
   0.43029785  0.00000000  0.00000000
   0.43334961  0.00000000  0.00000000
   0.43640137  0.00000000  0.00000000
   0.43945312  0.00000000  0.00000000
   0.44250488  0.00000000  0.00000000
   0.44555664  0.00000000  0.00000000
   0.44860840  0.00000000  0.00000000
   0.45166016  0.00000000  0.00000000
   0.45471191  0.00000000  0.00000000
   0.45776367  0.00000000  0.00000000
   0.46081543  0.00000000  0.00000000
   0.46386719  0.00000000  0.00000000
   0.46691895  0.00000000  0.00000000
   0.46997070  0.00000000  0.00000000
   0.47302246  0.00000000  0.00000000
   0.47607422  0.00000000  0.00000000
   0.47912598  0.00000000  0.00000000
   0.48217773  0.00000000  0.00000000
   0.48522949  0.00000000  0.00000000
   0.48828125  0.00000000  0.00000000
   0.49133301  0.00000000  0.00000000
   0.49438477  0.00000000  0.00000000
   0.49743652  0.00000000  0.00000000
   0.50048828  0.00000000  0.00000000
   0.50354004  0.00000000  0.00000000
   0.50659180  0.00000000  0.00000000
   0.50964355  0.00000000  0.00000000
   0.51269531  0.00000000  0.00000000
   0.51574707  0.00000000  0.00000000
   0.51879883  0.00000000  0.00000000
   0.52185059  0.00000000  0.00000000
   0.52490234  0.00000000  0.00000000
   0.52795410  0.00000000  0.00000000
   0.53100586  0.00000000  0.00000000
   0.53405762  0.00000000  0.00000000
   0.53710938  0.00000000  0.00000000
   0.54016113  0.00000000  0.00000000
   0.54321289  0.00000000  0.00000000
   0.54626465  0.00000000  0.00000000
   0.54931641  0.00000000  0.00000000
   0.55236816  0.00000000  0.00000000
   0.55541992  0.00000000  0.00000000
   0.55847168  0.00000000  0.00000000
   0.56152344  0.00000000  0.00000000
   0.56457520  0.00000000  0.00000000
   0.56762695  0.00000000  0.00000000
   0.57067871  0.00000000  0.00000000
   0.57373047  0.00000000  0.00000000
   0.57678223  0.00000000  0.00000000
   0.57983398  0.00000000  0.00000000
   0.58288574  0.00000000  0.00000000
   0.58593750  0.00000000  0.00000000
   0.58898926  0.00000000  0.00000000
   0.59204102  0.00000000  0.00000000
   0.59509277  0.00000000  0.00000000
   0.59814453  0.00000000  0.00000000
   0.60119629  0.00000000  0.00000000
   0.60424805  0.00000000  0.00000000
   0.60729980  0.00000000  0.00000000
   0.61035156  0.00000000  0.00000000
   0.61340332  0.00000000  0.00000000
   0.61645508  0.00000000  0.00000000
   0.61950684  0.00000000  0.00000000
   0.62255859  0.00000000  0.00000000
   0.62561035  0.00000000  0.00000000
   0.62866211  0.00000000  0.00000000
   0.63171387  0.00000000  0.00000000
   0.63476562  0.00000000  0.00000000
   0.63781738  0.00000000  0.00000000
   0.64086914  0.00000000  0.00000000
   0.64392090  0.00000000  0.00000000
   0.64697266  0.00000000  0.00000000
   0.65002441  0.00000000  0.00000000
   0.65307617  0.00000000  0.00000000
   0.65612793  0.00000000  0.00000000
   0.65917969  0.00000000  0.00000000
   0.66223145  0.00000000  0.00000000
   0.66528320  0.00000000  0.00000000
   0.66833496  0.00000000  0.00000000
   0.67138672  0.00000000  0.00000000
   0.67443848  0.00000000  0.00000000
   0.67749023  0.00000000  0.00000000
   0.68054199  0.00000000  0.00000000
   0.68359375  0.00000000  0.00000000
   0.68664551  0.00000000  0.00000000
   0.68969727  0.00000000  0.00000000
   0.69274902  0.00000000  0.00000000
   0.69580078  0.00000000  0.00000000
   0.69885254  0.00000000  0.00000000
   0.70190430  0.00000000  0.00000000
   0.70495605  0.00000000  0.00000000
   0.70800781  0.00000000  0.00000000
   0.71105957  0.00000000  0.00000000
   0.71411133  0.00000000  0.00000000
   0.71716309  0.00000000  0.00000000
   0.72021484  0.00000000  0.00000000
   0.72326660  0.00004223  0.00006580
