0.0 1.96250838808
0.0587660845588 0.054586543467
0.117532169118 0.00904904681233
0.176298253676 0.010656402789
0.235064338235 0.0130730832253
0.293830422794 0.025912570897
0.352596507353 0.0289965641239
0.411362591912 0.0592083130138
0.470128676471 0.092971092351
0.528894761029 0.202016787641
0.587660845588 26.7528679704
0.646426930147 0.236269078873
0.705193014706 0.124885830737
0.763959099265 0.0908051781438
0.822725183824 0.0722457067528
0.881491268382 0.0632786889969
0.940257352941 0.0505269685325
0.9990234375 0.0482664297896
1.05778952206 0.0410128037676
1.11655560662 0.0485044622067
1.17532169118 1.21574614204
1.23408777574 0.0129713317572
1.29285386029 0.0138088730626
1.35161994485 0.0151755369745
1.41038602941 0.0153182760934
1.46915211397 0.0154502520603
1.52791819853 0.0145017293631
1.58668428309 0.0129360894062
1.64545036765 0.0104906483279
1.70421645221 0.00555795380593
1.76298253676 0.111626417961
1.82174862132 0.022447902622
1.88051470588 0.0187169538089
1.93928079044 0.0165679905271
1.998046875 0.0153403666391
2.05681295956 0.0146590281016
2.11557904412 0.0138433700387
2.17434512868 0.0131190723074
2.23311121324 0.0125856571065
2.29187729779 0.0125082822176
2.35064338235 0.0155739841512
2.40940946691 0.0135650396089
2.46817555147 0.0114456246493
2.52694163603 0.0112281215946
2.58570772059 0.0108252671592
2.64447380515 0.0104651478483
2.70323988971 0.0103625666167
2.76200597426 0.00995045275286
2.82077205882 0.0098166124138
2.87953814338 0.00892396165584
2.93830422794 0.0204643900938
2.9970703125 0.00896258299349
3.05583639706 0.00881893215675
3.11460248162 0.00897812094312
3.17336856618 0.00899935041908
3.23213465074 0.00894855677992
3.29090073529 0.00882662369679
3.34966681985 0.00895187957278
3.40843290441 0.00890047601603
3.46719898897 0.00971004155934
3.52596507353 0.0170489832553
3.58473115809 0.00414737298005
3.64349724265 0.00635725477417
3.70226332721 0.00685379682087
3.76102941176 0.00685060879363
3.81979549632 0.00689945391723
3.87856158088 0.00697379771539
3.93732766544 0.00718027797787
3.99609375 0.00739539385039
4.05485983456 0.00898277449007
4.11362591912 0.00246008515479
4.17239200368 0.0032250276735
4.23115808824 0.00495238968999
4.28992417279 0.00522364370427
4.34869025735 0.0054622304569
4.40745634191 0.00552363029439
4.46622242647 0.0053796371913
4.52498851103 0.00551752301105
4.58375459559 0.0051404574464
4.64252068015 0.00551405373463
4.70128676471 0.00235261705068
4.76005284926 0.00786830979681
4.81881893382 0.00555841457297
4.87758501838 0.00540683925733
4.93635110294 0.00529530072996
4.9951171875 0.00531935213476
5.05388327206 0.00525561157432
5.11264935662 0.0051478039729
5.17141544118 0.00504020468166
5.23018152574 0.00418714718124
5.28894761029 0.0075540835436
5.34771369485 0.0045542307779
5.40647977941 0.00498605451655
5.46524586397 0.00478608587943
5.52401194853 0.00489556025624
5.58277803309 0.00480355459873
5.64154411765 0.00489649742731
5.70031020221 0.00498742379251
5.75907628676 0.00511862959499
5.81784237132 0.00566954587606
5.87660845588 0.00542952533528
5.93537454044 0.00243188921315
5.994140625 0.00373429809448
6.05290670956 0.0039111852635
6.11167279412 0.00401592611902
6.17043887868 0.00405084247834
6.22920496324 0.00406905631962
6.28797104779 0.0040205013227
6.34673713235 0.00413288971946
6.40550321691 0.00440896866349
6.46426930147 0.0029117090762
6.52303538603 0.00355806879959
6.58180147059 0.00371500707501
6.64056755515 0.00367805391457
6.69933363971 0.0037344025511
6.75809972426 0.0037289678007
6.81686580882 0.00371915654413
6.87563189338 0.00370951029614
6.93439797794 0.00376546734475
6.9931640625 0.00379167897216
7.05193014706 0.00186954058623
7.11069623162 0.00404772542385
7.16946231618 0.00373235478305
7.22822840074 0.00365316573671
7.28699448529 0.00365300408737
7.34576056985 0.00363892797411
7.40452665441 0.00357980214603
7.46329273897 0.00358648691591
7.52205882353 0.00356853578732
7.58082490809 0.00349670964095
7.63959099265 0.00325294626006
7.69835707721 0.00352823860471
7.75712316176 0.00351287048592
7.81588924632 0.00351892737351
7.87465533088 0.00350882281409
7.93342141544 0.00347092126921
7.9921875 0.00354422563461
8.05095358456 0.00360949161228
8.10971966912 0.00358487323318
8.16848575368 0.00391852369246
8.22725183824 0.00892125666275
8.28601792279 0.002669778759
8.34478400735 0.00298822524469
8.40355009191 0.00309670320914
8.46231617647 0.00286875976166
8.52108226103 0.00300182672827
8.57984834559 0.00286287634831
8.63861443015 0.00238850911402
8.69738051471 0.00246565634508
8.75614659926 0.00118251595517
8.81491268382 0.0163476547045
8.87367876838 0.00817831637787
8.93244485294 0.00594931341418
8.9912109375 0.00505598834691
9.04997702206 0.00618321902801
9.10874310662 0.00587174857123
9.16750919118 0.00654427443572
9.22627527574 0.00937960547316
9.28504136029 0.00956594020286
9.34380744485 0.0159924524643
9.40257352941 0.101869986211
9.46133961397 0.0177642053609
9.52010569853 0.00698007746297
9.57887178309 0.00253403883251
9.63763786765 0.00378813781586
9.69640395221 0.00270717476547
9.75517003676 0.0022199867363
9.81393612132 0.00218455222485
9.87270220588 0.00193752611175
9.93146829044 0.00201259025959
9.990234375 0.0018852717401
10.0490004596 0.00186130151764
10.1077665441 0.00201276899457
10.1665326287 0.00196056516318
10.2252987132 0.00231068372776
10.2840647978 0.00238502486328
10.3428308824 0.00280408114994
10.4015969669 0.00500017154353
10.4603630515 0.00493024926459
10.519129136 0.0100818307679
10.5778952206 0.0774602297951
10.6366613051 0.017370399545
10.6954273897 0.00843200784207
10.7541934743 0.00351793045502
10.8129595588 0.00619114296906
10.8717256434 0.00506097477161
10.9304917279 0.00410214520963
10.9892578125 0.0048613789802
11.0480238971 0.00443236343466
11.1067899816 0.00491800890962
11.1655560662 0.0157695762729
11.2243221507 0.000402900206168
11.2830882353 0.00171004890975
11.3418543199 0.00271568090648
11.4006204044 0.00202745890734
11.459386489 0.0021263097336
11.5181525735 0.00231591286526
11.5769186581 0.00206335617725
11.6356847426 0.0020401809498
11.6944508272 0.00189651958575
11.7532169118 0.000627952242258
11.8119829963 0.0030485792529
11.8707490809 0.00267672927911
11.9295151654 0.00238365680121
11.98828125 0.00249794693042
12.0470473346 0.00247263490126
12.1058134191 0.00237912144981
12.1645795037 0.00237835546144
12.2233455882 0.00237919365864
12.2821116728 0.00234776181214
12.3408777574 0.00242360668707
12.3996438419 0.0023116744061
12.4584099265 0.00225641501532
12.517176011 0.00226493506968
12.5759420956 0.00226660649321
12.6347081801 0.00223345851319
12.6934742647 0.00223637984551
12.7522403493 0.0022506997814
12.8110064338 0.00222359099375
12.8697725184 0.00222200068207
12.9285386029 0.00271490044931
12.9873046875 0.00199030301771
13.0460707721 0.002099668835
13.1048368566 0.00217513491766
13.1636029412 0.00212829292789
13.2223690257 0.00213154922669
13.2811351103 0.00214904836425
13.3399011949 0.00215608988021
13.3986672794 0.00213692213999
13.457433364 0.00220850220848
13.5161994485 0.00250187305148
13.5749655331 0.00169784402858
13.6337316176 0.00195401023411
13.6924977022 0.00201589329296
13.7512637868 0.00194984039376
13.8100298713 0.00198530702385
13.8687959559 0.00199877789801
13.9275620404 0.00198436043943
13.986328125 0.00200335120525
14.0450942096 0.00207444683582
14.1038602941 0.00153959041096
14.1626263787 0.00171571378003
14.2213924632 0.00188787834367
14.2801585478 0.00185809690401
14.3389246324 0.0018896678556
14.3976907169 0.00191087383857
14.4564568015 0.00188603010855
14.515222886 0.00189420847652
14.5739889706 0.0018782823212
14.6327550551 0.00188926702735
14.6915211397 0.001634600609
14.7502872243 0.00217736349297
14.8090533088 0.00188902929048
14.8678193934 0.00186329479083
14.9265854779 0.00191209638224
14.9853515625 0.0018833070796
15.0441176471 0.00187356484366
15.1028837316 0.00188242595919
15.1616498162 0.00185321827018
15.2204159007 0.00176711103651
15.2791819853 0.00218084407842
15.3379480699 0.0017675065214
15.3967141544 0.00183922983884
15.455480239 0.00186341410091
15.5142463235 0.00183850757966
15.5730124081 0.00183122422756
15.6317784926 0.00185350058116
15.6905445772 0.00185835784695
15.7493106618 0.00185324630861
15.8080767463 0.00191206157019
15.8668428309 0.00182652554964
15.9256089154 0.00145304330163
15.984375 0.00171000080102
16.0431410846 0.00172700699274
16.1019071691 0.00169118568949
16.1606732537 0.00172885469506
16.2194393382 0.00173412278797
16.2782054228 0.00170346864764
16.3369715074 0.00173071088051
16.3957375919 0.00174069489384
16.4545036765 0.00138183411765
16.513269761 0.0017330524973
16.5720358456 0.00173799425843
16.6308019301 0.00166893088863
16.6895680147 0.00172044026797
16.7483340993 0.00172712441683
16.8071001838 0.00170829554459
16.8658662684 0.001701251772
16.9246323529 0.00172539433213
16.9833984375 0.00169233265268
17.0421645221 0.00142587798642
17.1009306066 0.00185700560052
17.1596966912 0.00174812320072
17.2184627757 0.00168949016413
17.2772288603 0.00175880141484
17.3359949449 0.00173418399941
17.3947610294 0.0017119200721
17.453527114 0.0017346538708
17.5122931985 0.00172309978428
17.5710592831 0.00169704600468
17.6298253676 0.00169235753128
17.6885914522 0.0017465359412
17.7473575368 0.0017257109283
17.8061236213 0.00174876349535
17.8648897059 0.00175368412963
17.9236557904 0.00173179259681
17.982421875 0.00178797874973
18.0411879596 0.00182081071058
18.0999540441 0.00177532342428
18.1587201287 0.00193658623464
18.2174862132 0.00270165703992
18.2762522978 0.00129987560294
18.3350183824 0.00158389070611
18.3937844669 0.0017149160536
18.4525505515 0.00143054380838
18.511316636 0.00160567529072
18.5700827206 0.00151163748772
18.6288488051 0.00127451962362
18.6876148897 0.00154215348499
18.7463809743 0.00101717398605
18.8051470588 0.001888135787
18.8639131434 0.00404451863905
18.9226792279 0.00270601636303
18.9814453125 0.00199988597825
19.0402113971 0.00349497631764
19.0989774816 0.00291428728207
19.1577435662 0.00323037809716
19.2165096507 0.00472536714724
19.2752757353 0.0038324952937
19.3340418199 0.00626540908777
19.3928079044 0.0217495296397
19.451573989 0.00860626850153
19.5103400735 0.00230931712212
19.5691061581 0.00342378965545
19.6278722426 0.00335282244348
19.6866383272 0.0016720023989
19.7454044118 0.00127393922294
19.8041704963 0.00140322190491
19.8629365809 0.00111508962263
19.9217026654 0.00120017888195
19.98046875 0.00108636353559
20.0392348346 0.00105701191303
20.0980009191 0.00119340963385
20.1567670037 0.0010897203199
20.2155330882 0.0013003608632
20.2742991728 0.00130343252837
20.3330652574 0.00145440948322
20.3918313419 0.00259280043521
20.4505974265 0.00192209504098
20.509363511 0.00394867510084
20.5681295956 0.0175613978301
20.6268956801 0.00942133628697
20.6856617647 0.00354287117152
20.7444278493 0.0022844028674
20.8031939338 0.00520894326177
20.8619600184 0.00330744623419
20.9207261029 0.00235771692574
20.9794921875 0.00324248512795
21.0382582721 0.00264485167996
21.0970243566 0.00268951067664
21.1557904412 0.00520719430594
21.2145565257 0.000493352084542
21.2733226103 0.00137148211447
21.3320886949 0.00236458848637
21.3908547794 0.0010228091808
21.449620864 0.00129838585164
21.5083869485 0.00153782168102
21.5671530331 0.00128840862226
21.6259191176 0.00134966588197
21.6846852022 0.00136538922509
21.7434512868 0.000853954598199
21.8022173713 0.0018377198586
21.8609834559 0.00162589595045
21.9197495404 0.00137405193704
21.978515625 0.00166889105632
22.0372817096 0.00160939009772
22.0960477941 0.00152119240306
22.1548138787 0.00154827238555
22.2135799632 0.00155210393778
22.2723460478 0.0015124942355
22.3311121324 0.00153592351762
22.3898782169 0.0015069290836
22.4486443015 0.00147939935764
22.507410386 0.00149329712784
22.5661764706 0.00149345786406
22.6249425551 0.00146839726213
22.6837086397 0.0014761488492
22.7424747243 0.00149328998705
22.8012408088 0.00146586403373
22.8600068934 0.00147787905151
22.9187729779 0.00160651035348
22.9775390625 0.00135412245849
23.0363051471 0.00142580049494
23.0950712316 0.0014941758353
23.1538373162 0.00139908070749
23.2126034007 0.00142241571175
23.2713694853 0.00144507690007
23.3301355699 0.00143549853441
23.3889016544 0.00142234771851
23.447667739 0.00145519904707
23.5064338235 0.00150271661441
23.5651999081 0.00125741333122
23.6239659926 0.00138798527531
23.6827320772 0.00141817962815
23.7414981618 0.00131419997163
23.8002642463 0.00137481546987
23.8590303309 0.00138243034498
23.9177964154 0.001359463351
23.9765625 0.00137611270625
24.0353285846 0.00138462267359
24.0940946691 0.0012163596476
24.1528607537 0.00131756608423
24.2116268382 0.0013776238501
24.2703929228 0.00130310820863
24.3291590074 0.00135118930621
24.3879250919 0.00137870465377
24.4466911765 0.00136083502564
24.505457261 0.00136813864575
24.5642233456 0.00137249927056
24.6229894301 0.0013640458835
24.6817555147 0.00130081802229
24.7405215993 0.00148097011472
24.7992876838 0.00136020183193
24.8580537684 0.00133638169846
24.9168198529 0.00142726498904
24.9755859375 0.00136655184699
25.0343520221 0.00136584569606
25.0931181066 0.00138304283094
25.1518841912 0.00136240533019
25.2106502757 0.00134596659158
25.2694163603 0.00148286844993
25.3281824449 0.00131551919985
25.3869485294 0.00134969564317
25.445714614 0.0014153178614
25.5044806985 0.00133750015318
25.5632467831 0.00135313942249
25.6220128676 0.00136717020882
25.6807789522 0.00136212804856
25.7395450368 0.00135187240279
25.7983111213 0.00137435302284
25.8570772059 0.00132931436639
25.9158432904 0.00121186960082
25.974609375 0.00133792310086
26.0333754596 0.00131904359406
26.0921415441 0.0012521241971
26.1509076287 0.00132558697289
26.2096737132 0.00132722680383
26.2684397978 0.0013049319356
26.3272058824 0.00132801650675
26.3859719669 0.00132329188467
26.4447380515 0.00119319450946
26.503504136 0.00136737280702
26.5622702206 0.00135169336856
26.6210363051 0.00126140539893
26.6798023897 0.00136692857242
26.7385684743 0.00136372930811
26.7973345588 0.00134049769188
26.8561006434 0.00134436574807
26.9148667279 0.00136221329997
26.9736328125 0.00133515315413
27.0323988971 0.00125878302597
27.0911649816 0.00144122449189
27.1499310662 0.00136452254068
27.2086971507 0.00130446473264
27.2674632353 0.00143170239721
27.3262293199 0.00138091010708
27.3849954044 0.00136530644591
27.443761489 0.00139163570279
27.5025275735 0.00137778139621
27.5612936581 0.00136392653759
27.6200597426 0.00138328164067
27.6788258272 0.00139803353238
27.7375919118 0.00138032054376
27.7963579963 0.00140463680165
27.8551240809 0.00141456160912
27.9138901654 0.00139592306579
27.97265625 0.00144304936338
28.0314223346 0.00145164686369
28.0901884191 0.00141071536157
28.1489545037 0.00151925006993
28.2077205882 0.00172682028919
28.2664866728 0.00113077916222
28.3252527574 0.00138827654304
28.3840188419 0.001544920025
28.4427849265 0.00107061861619
28.501551011 0.00131694136483
28.5603170956 0.00125122883768
28.6190831801 0.00112183284686
28.6778492647 0.00139226772737
28.7366153493 0.00106912274504
28.7953814338 0.000252734200722
28.8541475184 0.00281915499295
28.9129136029 0.00172251731694
28.9716796875 0.000986367280015
29.0304457721 0.00334090478844
29.0892118566 0.00230505026076
29.1479779412 0.00245257911526
29.2067440257 0.00336031141858
29.2655101103 0.00238110023467
29.3242761949 0.00372024428154
29.3830422794 0.00856387660568
29.441808364 0.00490682431462
29.5005744485 0.00130360776573
29.5593405331 0.00592034064238
29.6181066176 0.00644191294911
29.6768727022 0.00207104328746
29.7356387868 0.00117934690253
29.7944048713 0.00163777077042
29.8531709559 0.00106018797598
29.9119370404 0.00106195677954
29.970703125 0.0010033856017
30.0294692096 0.000905321872102
30.0882352941 0.00103288660784
30.1470013787 0.000905321872102
30.2057674632 0.0010033856017
30.2645335478 0.00106195677954
30.3232996324 0.00106018797598
30.3820657169 0.00163777077042
30.4408318015 0.00117934690253
30.499597886 0.00207104328746
30.5583639706 0.00644191294911
30.6171300551 0.00592034064238
30.6758961397 0.00130360776572
30.7346622243 0.00490682431462
30.7934283088 0.00856387660568
30.8521943934 0.00372024428154
30.9109604779 0.00238110023467
30.9697265625 0.00336031141858
31.0284926471 0.00245257911526
31.0872587316 0.00230505026076
31.1460248162 0.00334090478844
31.2047909007 0.000986367280015
31.2635569853 0.00172251731694
31.3223230699 0.00281915499295
31.3810891544 0.000252734200722
31.439855239 0.00106912274504
31.4986213235 0.00139226772737
31.5573874081 0.00112183284686
31.6161534926 0.00125122883768
31.6749195772 0.00131694136483
31.7336856618 0.00107061861619
31.7924517463 0.001544920025
31.8512178309 0.00138827654304
31.9099839154 0.00113077916222
31.96875 0.00172682028919
32.0275160846 0.00151925006993
32.0862821691 0.00141071536157
32.1450482537 0.00145164686369
32.2038143382 0.00144304936338
32.2625804228 0.00139592306579
32.3213465074 0.00141456160912
32.3801125919 0.00140463680165
32.4388786765 0.00138032054376
32.497644761 0.00139803353238
32.5564108456 0.00138328164067
32.6151769301 0.00136392653759
32.6739430147 0.00137778139621
32.7327090993 0.00139163570279
32.7914751838 0.00136530644591
32.8502412684 0.00138091010708
32.9090073529 0.00143170239721
32.9677734375 0.00130446473264
33.0265395221 0.00136452254068
33.0853056066 0.00144122449189
33.1440716912 0.00125878302597
33.2028377757 0.00133515315413
33.2616038603 0.00136221329997
33.3203699449 0.00134436574807
33.3791360294 0.00134049769188
33.437902114 0.00136372930811
33.4966681985 0.00136692857242
33.5554342831 0.00126140539893
33.6142003676 0.00135169336856
33.6729664522 0.00136737280702
33.7317325368 0.00119319450946
33.7904986213 0.00132329188467
33.8492647059 0.00132801650675
33.9080307904 0.0013049319356
33.966796875 0.00132722680383
34.0255629596 0.00132558697289
34.0843290441 0.0012521241971
34.1430951287 0.00131904359406
34.2018612132 0.00133792310086
34.2606272978 0.00121186960082
34.3193933824 0.00132931436639
34.3781594669 0.00137435302284
34.4369255515 0.00135187240279
34.495691636 0.00136212804856
34.5544577206 0.00136717020882
34.6132238051 0.00135313942249
34.6719898897 0.00133750015318
34.7307559743 0.0014153178614
34.7895220588 0.00134969564317
34.8482881434 0.00131551919985
34.9070542279 0.00148286844993
34.9658203125 0.00134596659158
35.0245863971 0.00136240533019
35.0833524816 0.00138304283094
35.1421185662 0.00136584569606
35.2008846507 0.00136655184699
35.2596507353 0.00142726498904
35.3184168199 0.00133638169846
35.3771829044 0.00136020183193
35.435948989 0.00148097011472
35.4947150735 0.00130081802229
35.5534811581 0.0013640458835
35.6122472426 0.00137249927056
35.6710133272 0.00136813864575
35.7297794118 0.00136083502564
35.7885454963 0.00137870465377
35.8473115809 0.00135118930621
35.9060776654 0.00130310820863
35.96484375 0.0013776238501
36.0236098346 0.00131756608423
36.0823759191 0.0012163596476
36.1411420037 0.00138462267359
36.1999080882 0.00137611270625
36.2586741728 0.001359463351
36.3174402574 0.00138243034498
36.3762063419 0.00137481546987
36.4349724265 0.00131419997163
36.493738511 0.00141817962815
36.5525045956 0.00138798527531
36.6112706801 0.00125741333122
36.6700367647 0.00150271661441
36.7288028493 0.00145519904707
36.7875689338 0.00142234771851
36.8463350184 0.00143549853441
36.9051011029 0.00144507690007
36.9638671875 0.00142241571175
37.0226332721 0.00139908070749
37.0813993566 0.0014941758353
37.1401654412 0.00142580049494
37.1989315257 0.00135412245849
37.2576976103 0.00160651035348
37.3164636949 0.00147787905151
37.3752297794 0.00146586403373
37.433995864 0.00149328998705
37.4927619485 0.0014761488492
37.5515280331 0.00146839726213
37.6102941176 0.00149345786406
37.6690602022 0.00149329712784
37.7278262868 0.00147939935764
37.7865923713 0.0015069290836
37.8453584559 0.00153592351762
37.9041245404 0.0015124942355
37.962890625 0.00155210393778
38.0216567096 0.00154827238555
38.0804227941 0.00152119240306
38.1391888787 0.00160939009772
38.1979549632 0.00166889105632
38.2567210478 0.00137405193704
38.3154871324 0.00162589595045
38.3742532169 0.0018377198586
38.4330193015 0.0008539545982
38.491785386 0.00136538922509
38.5505514706 0.00134966588197
38.6093175551 0.00128840862226
38.6680836397 0.00153782168102
38.7268497243 0.00129838585164
38.7856158088 0.0010228091808
38.8443818934 0.00236458848637
38.9031479779 0.00137148211447
38.9619140625 0.000493352084542
39.0206801471 0.00520719430594
39.0794462316 0.00268951067664
39.1382123162 0.00264485167996
39.1969784007 0.00324248512795
39.2557444853 0.00235771692574
39.3145105699 0.00330744623419
39.3732766544 0.00520894326177
39.432042739 0.0022844028674
39.4908088235 0.00354287117152
39.5495749081 0.00942133628697
39.6083409926 0.0175613978301
39.6671070772 0.00394867510084
39.7258731618 0.00192209504098
39.7846392463 0.00259280043521
39.8434053309 0.00145440948321
39.9021714154 0.00130343252837
39.9609375 0.0013003608632
40.0197035846 0.0010897203199
40.0784696691 0.00119340963385
40.1372357537 0.00105701191303
40.1960018382 0.00108636353559
40.2547679228 0.00120017888195
40.3135340074 0.00111508962263
40.3723000919 0.00140322190491
40.4310661765 0.00127393922294
40.489832261 0.0016720023989
40.5485983456 0.00335282244348
40.6073644301 0.00342378965545
40.6661305147 0.00230931712212
40.7248965993 0.00860626850153
40.7836626838 0.0217495296397
40.8424287684 0.00626540908777
40.9011948529 0.0038324952937
40.9599609375 0.00472536714724
41.0187270221 0.00323037809715
41.0774931066 0.00291428728207
41.1362591912 0.00349497631764
41.1950252757 0.00199988597825
41.2537913603 0.00270601636303
41.3125574449 0.00404451863905
41.3713235294 0.001888135787
41.430089614 0.00101717398605
41.4888556985 0.00154215348499
41.5476217831 0.00127451962362
41.6063878676 0.00151163748772
41.6651539522 0.00160567529072
41.7239200368 0.00143054380838
41.7826861213 0.0017149160536
41.8414522059 0.00158389070611
41.9002182904 0.00129987560294
41.958984375 0.00270165703992
42.0177504596 0.00193658623464
42.0765165441 0.00177532342428
42.1352826287 0.00182081071058
42.1940487132 0.00178797874973
42.2528147978 0.00173179259681
42.3115808824 0.00175368412963
42.3703469669 0.00174876349535
42.4291130515 0.0017257109283
42.487879136 0.0017465359412
42.5466452206 0.00169235753128
42.6054113051 0.00169704600468
42.6641773897 0.00172309978428
42.7229434743 0.0017346538708
42.7817095588 0.0017119200721
42.8404756434 0.00173418399941
42.8992417279 0.00175880141484
42.9580078125 0.00168949016413
43.0167738971 0.00174812320072
43.0755399816 0.00185700560052
43.1343060662 0.00142587798642
43.1930721507 0.00169233265268
43.2518382353 0.00172539433213
43.3106043199 0.001701251772
43.3693704044 0.00170829554459
43.428136489 0.00172712441683
43.4869025735 0.00172044026797
43.5456686581 0.00166893088863
43.6044347426 0.00173799425843
43.6632008272 0.0017330524973
43.7219669118 0.00138183411765
43.7807329963 0.00174069489384
43.8394990809 0.00173071088051
43.8982651654 0.00170346864764
43.95703125 0.00173412278797
44.0157973346 0.00172885469506
44.0745634191 0.00169118568949
44.1333295037 0.00172700699274
44.1920955882 0.00171000080102
44.2508616728 0.00145304330163
44.3096277574 0.00182652554964
44.3683938419 0.00191206157019
44.4271599265 0.00185324630861
44.485926011 0.00185835784695
44.5446920956 0.00185350058116
44.6034581801 0.00183122422756
44.6622242647 0.00183850757966
44.7209903493 0.00186341410091
44.7797564338 0.00183922983884
44.8385225184 0.0017675065214
44.8972886029 0.00218084407842
44.9560546875 0.00176711103651
45.0148207721 0.00185321827018
45.0735868566 0.00188242595919
45.1323529412 0.00187356484366
45.1911190257 0.0018833070796
45.2498851103 0.00191209638224
45.3086511949 0.00186329479083
45.3674172794 0.00188902929048
45.426183364 0.00217736349297
45.4849494485 0.001634600609
45.5437155331 0.00188926702735
45.6024816176 0.0018782823212
45.6612477022 0.00189420847652
45.7200137868 0.00188603010854
45.7787798713 0.00191087383857
45.8375459559 0.0018896678556
45.8963120404 0.00185809690401
45.955078125 0.00188787834367
46.0138442096 0.00171571378003
46.0726102941 0.00153959041096
46.1313763787 0.00207444683582
46.1901424632 0.00200335120525
46.2489085478 0.00198436043943
46.3076746324 0.00199877789801
46.3664407169 0.00198530702385
46.4252068015 0.00194984039376
46.483972886 0.00201589329296
46.5427389706 0.00195401023411
46.6015050551 0.00169784402858
46.6602711397 0.00250187305148
46.7190372243 0.00220850220848
46.7778033088 0.00213692213999
46.8365693934 0.00215608988021
46.8953354779 0.00214904836425
46.9541015625 0.00213154922669
47.0128676471 0.00212829292789
47.0716337316 0.00217513491766
47.1303998162 0.002099668835
47.1891659007 0.00199030301771
47.2479319853 0.00271490044931
47.3066980699 0.00222200068207
47.3654641544 0.00222359099375
47.424230239 0.0022506997814
47.4829963235 0.00223637984551
47.5417624081 0.00223345851319
47.6005284926 0.00226660649321
47.6592945772 0.00226493506968
47.7180606618 0.00225641501532
47.7768267463 0.0023116744061
47.8355928309 0.00242360668707
47.8943589154 0.00234776181214
47.953125 0.00237919365864
48.0118910846 0.00237835546144
48.0706571691 0.00237912144981
48.1294232537 0.00247263490126
48.1881893382 0.00249794693042
48.2469554228 0.00238365680121
48.3057215074 0.00267672927911
48.3644875919 0.0030485792529
48.4232536765 0.000627952242258
48.482019761 0.00189651958575
48.5407858456 0.0020401809498
48.5995519301 0.00206335617725
48.6583180147 0.00231591286526
48.7170840993 0.0021263097336
48.7758501838 0.00202745890734
48.8346162684 0.00271568090648
48.8933823529 0.00171004890975
48.9521484375 0.000402900206168
49.0109145221 0.0157695762729
49.0696806066 0.00491800890962
49.1284466912 0.00443236343466
49.1872127757 0.0048613789802
49.2459788603 0.00410214520963
49.3047449449 0.00506097477161
49.3635110294 0.00619114296906
49.422277114 0.00351793045502
49.4810431985 0.00843200784207
49.5398092831 0.017370399545
49.5985753676 0.0774602297951
49.6573414522 0.0100818307679
49.7161075368 0.00493024926459
49.7748736213 0.00500017154353
49.8336397059 0.00280408114994
49.8924057904 0.00238502486328
49.951171875 0.00231068372776
50.0099379596 0.00196056516318
50.0687040441 0.00201276899457
50.1274701287 0.00186130151764
50.1862362132 0.0018852717401
50.2450022978 0.00201259025959
50.3037683824 0.00193752611175
50.3625344669 0.00218455222485
50.4213005515 0.0022199867363
50.480066636 0.00270717476547
50.5388327206 0.00378813781586
50.5975988051 0.00253403883251
50.6563648897 0.00698007746297
50.7151309743 0.0177642053609
50.7738970588 0.101869986211
50.8326631434 0.0159924524643
50.8914292279 0.00956594020286
50.9501953125 0.00937960547316
51.0089613971 0.00654427443572
51.0677274816 0.00587174857123
51.1264935662 0.00618321902801
51.1852596507 0.00505598834691
51.2440257353 0.00594931341418
51.3027918199 0.00817831637787
51.3615579044 0.0163476547045
51.420323989 0.00118251595517
51.4790900735 0.00246565634508
51.5378561581 0.00238850911402
51.5966222426 0.00286287634831
51.6553883272 0.00300182672827
51.7141544118 0.00286875976166
51.7729204963 0.00309670320914
51.8316865809 0.00298822524469
51.8904526654 0.002669778759
51.94921875 0.00892125666275
52.0079848346 0.00391852369246
52.0667509191 0.00358487323318
52.1255170037 0.00360949161228
52.1842830882 0.00354422563461
52.2430491728 0.00347092126921
52.3018152574 0.00350882281409
52.3605813419 0.00351892737351
52.4193474265 0.00351287048592
52.478113511 0.00352823860471
52.5368795956 0.00325294626006
52.5956456801 0.00349670964095
52.6544117647 0.00356853578732
52.7131778493 0.00358648691591
52.7719439338 0.00357980214603
52.8307100184 0.00363892797411
52.8894761029 0.00365300408737
52.9482421875 0.00365316573671
53.0070082721 0.00373235478305
53.0657743566 0.00404772542385
53.1245404412 0.00186954058623
53.1833065257 0.00379167897216
53.2420726103 0.00376546734474
53.3008386949 0.00370951029614
53.3596047794 0.00371915654413
53.418370864 0.0037289678007
53.4771369485 0.0037344025511
53.5359030331 0.00367805391457
53.5946691176 0.00371500707501
53.6534352022 0.00355806879959
53.7122012868 0.0029117090762
53.7709673713 0.00440896866349
53.8297334559 0.00413288971946
53.8884995404 0.0040205013227
53.947265625 0.00406905631962
54.0060317096 0.00405084247834
54.0647977941 0.00401592611902
54.1235638787 0.0039111852635
54.1823299632 0.00373429809448
54.2410960478 0.00243188921315
54.2998621324 0.00542952533528
54.3586282169 0.00566954587606
54.4173943015 0.00511862959499
54.476160386 0.00498742379251
54.5349264706 0.00489649742731
54.5936925551 0.00480355459873
54.6524586397 0.00489556025624
54.7112247243 0.00478608587943
54.7699908088 0.00498605451655
54.8287568934 0.0045542307779
54.8875229779 0.0075540835436
54.9462890625 0.00418714718124
55.0050551471 0.00504020468166
55.0638212316 0.0051478039729
55.1225873162 0.00525561157432
55.1813534007 0.00531935213476
55.2401194853 0.00529530072996
55.2988855699 0.00540683925733
55.3576516544 0.00555841457297
55.416417739 0.00786830979681
55.4751838235 0.00235261705068
55.5339499081 0.00551405373463
55.5927159926 0.0051404574464
55.6514820772 0.00551752301105
55.7102481618 0.0053796371913
55.7690142463 0.00552363029439
55.8277803309 0.0054622304569
55.8865464154 0.00522364370427
55.9453125 0.00495238968999
56.0040785846 0.0032250276735
56.0628446691 0.00246008515479
56.1216107537 0.00898277449007
56.1803768382 0.00739539385039
56.2391429228 0.00718027797787
56.2979090074 0.00697379771539
56.3566750919 0.00689945391723
56.4154411765 0.00685060879363
56.474207261 0.00685379682087
56.5329733456 0.00635725477417
56.5917394301 0.00414737298005
56.6505055147 0.0170489832553
56.7092715993 0.00971004155934
56.7680376838 0.00890047601603
56.8268037684 0.00895187957278
56.8855698529 0.00882662369679
56.9443359375 0.00894855677992
57.0031020221 0.00899935041908
57.0618681066 0.00897812094312
57.1206341912 0.00881893215675
57.1794002757 0.00896258299349
57.2381663603 0.0204643900938
57.2969324449 0.00892396165584
57.3556985294 0.0098166124138
57.414464614 0.00995045275286
57.4732306985 0.0103625666167
57.5319967831 0.0104651478483
57.5907628676 0.0108252671592
57.6495289522 0.0112281215946
57.7082950368 0.0114456246493
57.7670611213 0.0135650396089
57.8258272059 0.0155739841512
57.8845932904 0.0125082822176
57.943359375 0.0125856571065
58.0021254596 0.0131190723074
58.0608915441 0.0138433700387
58.1196576287 0.0146590281016
58.1784237132 0.0153403666391
58.2371897978 0.0165679905271
58.2959558824 0.0187169538089
58.3547219669 0.022447902622
58.4134880515 0.111626417961
58.472254136 0.00555795380593
58.5310202206 0.0104906483279
58.5897863051 0.0129360894062
58.6485523897 0.0145017293631
58.7073184743 0.0154502520603
58.7660845588 0.0153182760934
58.8248506434 0.0151755369745
58.8836167279 0.0138088730626
58.9423828125 0.0129713317572
59.0011488971 1.21574614204
59.0599149816 0.0485044622067
59.1186810662 0.0410128037676
59.1774471507 0.0482664297896
59.2362132353 0.0505269685325
59.2949793199 0.0632786889969
59.3537454044 0.0722457067528
59.412511489 0.0908051781438
59.4712775735 0.124885830737
59.5300436581 0.236269078873
59.5888097426 26.7528679704
59.6475758272 0.202016787641
59.7063419118 0.092971092351
59.7651079963 0.0592083130138
59.8238740809 0.0289965641239
59.8826401654 0.025912570897
59.94140625 0.0130730832253
60.0001723346 0.010656402789
60.0589384191 0.00904904681232
60.1177045037 0.054586543467
