-0.0467282561095 -0.0335978807429 -0.0245165777126
-0.045394512219 -0.0356217614858 -0.0244901554252
-0.0440607683284 -0.0376456422287 -0.0244637331378
-0.0427270244379 -0.0396695229717 -0.0244373108504
-0.0413932805474 -0.0416934037146 -0.024410888563
-0.0400595366569 -0.0437172844575 -0.0243844662757
-0.0378139042033 -0.0446102013685 -0.0238113352884
-0.0355518905181 -0.045482801564 -0.0232283831867
-0.0332898768328 -0.0463554017595 -0.022645431085
-0.0310278631476 -0.047228001955 -0.0220624789834
-0.0287658494624 -0.0481006021505 -0.0214795268817
-0.0265038357771 -0.048973202346 -0.0208965747801
-0.0235624164223 -0.0488760703812 -0.0198403792766
-0.0205961407625 -0.0487434604106 -0.0187668699902
-0.0176298651026 -0.0486108504399 -0.0176933607038
-0.0146635894428 -0.0484782404692 -0.0166198514174
-0.011697313783 -0.0483456304985 -0.015546342131
-0.00873103812317 -0.0482130205279 -0.0144728328446
-0.00540593548387 -0.0473607106549 -0.0130441163245
-0.00206077419355 -0.0464681691105 -0.0115955434995
0.00128438709677 -0.045575627566 -0.0101469706745
0.00462954838709 -0.0446830860215 -0.00869839784946
0.00797470967742 -0.043790544477 -0.00724982502444
0.0113198709677 -0.0428980029326 -0.00580125219942
0.014648969697 -0.0413946207234 -0.00417043108505
0.0179768484848 -0.0398448455523 -0.00252576832845
0.0213047272727 -0.0382950703812 -0.00088110557185
0.0246326060606 -0.0367452952102 0.000763557184748
0.0279604848485 -0.0351955200391 0.00240821994135
0.0312883636364 -0.033645744868 0.00405288269794
0.0340191212121 -0.0315182424242 0.00569224242424
0.0366920928641 -0.0293348308895 0.00733108895405
0.0393650645161 -0.0271514193548 0.00896993548387
0.0420380361681 -0.0249680078201 0.0106087820137
0.0447110078201 -0.0227845962854 0.0122476285435
0.0473839794721 -0.0206011847507 0.0138864750733
0.049065459433 -0.0178516735093 0.0153293411535
0.0506295259042 -0.0150351241447 0.0167489990225
0.0521935923754 -0.0122185747801 0.0181686568915
0.0537576588465 -0.00940202541545 0.0195883147605
0.0553217253177 -0.00658547605084 0.0210079726295
0.0568857917889 -0.00376892668622 0.0224276304985
0.0571585249267 -0.000502173020536 0.0234151446725
0.0572492580645 0.00282803225806 0.0243417526882
0.0573399912023 0.00615823753665 0.0252683607038
0.0574307243402 0.00948844281524 0.0261949687195
0.057521457478 0.0128186480938 0.0271215767351
0.0576121906158 0.0161488533724 0.0280481847507
0.0564901104594 0.0195264408602 0.0284942629521
0.0551686637341 0.0229118172043 0.0288613499511
0.0538472170088 0.0262971935484 0.0292284369501
0.0525257702835 0.0296825698925 0.0295955239492
0.0512043235582 0.0330679462365 0.0299626109482
0.0498828768328 0.0364533225806 0.0303296979472
0.0476483548387 0.0393378494624 0.0300950107527
0.0452414340176 0.0421278103617 0.0297467018573
0.0428345131965 0.044917771261 0.0293983929619
0.0404275923754 0.0477077321603 0.0290500840665
0.0380206715543 0.0504976930596 0.0287017751711
0.0356137507331 0.0532876539589 0.0283534662757
0.032680769306 0.0549993548387 0.0275324692082
0.0296350606061 0.05648 0.0266101818182
0.0265893519062 0.0579606451613 0.0256878944282
0.0235436432063 0.0594412903226 0.0247656070381
0.0204979345064 0.0609219354839 0.0238433196481
0.0174522258065 0.0624025806452 0.0229210322581
0.0142813020528 0.0624983607038 0.0215904232649
0.0110802170088 0.0622605601173 0.020161459433
0.00787913196482 0.0620227595308 0.0187324956012
0.00467804692083 0.0617849589443 0.0173035317693
0.00147696187685 0.0615471583578 0.0158745679374
-0.00172412316714 0.0613093577713 0.0144456041056
-0.00474614858259 0.0597645659824 0.0128333890518
-0.00772006842619 0.0578686422287 0.0111719423265
-0.0106939882698 0.0559727184751 0.00951049560118
-0.0136679081134 0.0540767947214 0.00784904887586
-0.016641827957 0.0521808709677 0.00618760215054
-0.0196157478006 0.0502849472141 0.00452615542523
-0.022199228739 0.0474647243402 0.00286573313784
-0.0246664721408 0.0443693284458 0.00120561583578
-0.0271337155425 0.0412739325513 -0.000454501466268
-0.0296009589443 0.0381785366569 -0.00211461876832
-0.032068202346 0.0350831407625 -0.00377473607037
-0.0345354457478 0.031987744868 -0.00543485337243
-0.036427627566 0.0284054985337 -0.00693343792766
-0.038131117302 0.0246635043988 -0.00837901955034
-0.0398346070381 0.0209215102639 -0.00982460117301
-0.0415380967742 0.0171795161291 -0.0112701827957
-0.0432415865103 0.0134375219942 -0.0127157644184
-0.0449450762463 0.00969552785926 -0.014161346041
-0.0459479305963 0.0060247702835 -0.0153181935484
-0.0466985562072 0.00237965786903 -0.0163710967742
-0.0474491818182 -0.00126545454544 -0.017424
-0.0481998074291 -0.0049105669599 -0.0184769032258
-0.0489504330401 -0.00855567937437 -0.0195298064516
-0.049701058651 -0.0122007917888 -0.0205827096774
-0.049689512219 -0.0153865259042 -0.0212632922776
-0.0493780948192 -0.0183915210166 -0.0217973880743
-0.0490666774194 -0.021396516129 -0.022331483871
-0.0487552600196 -0.0244015112414 -0.0228655796676
-0.0484438426197 -0.0274065063538 -0.0233996754643
-0.0481324252199 -0.0304115014663 -0.023933771261
-0.0471151505376 -0.0327195962854 -0.0240856246334
-0.0457953655914 -0.0347290195503 -0.024073659824
-0.0444755806452 -0.0367384428152 -0.0240616950147
-0.0431557956989 -0.0387478660801 -0.0240497302053
-0.0418360107527 -0.0407572893451 -0.0240377653959
-0.0405162258065 -0.04276671261 -0.0240258005865
-0.0385580439883 -0.0439945249267 -0.023637941349
-0.0363026774194 -0.044858483871 -0.0230750967742
-0.0340473108505 -0.0457224428152 -0.0225122521994
-0.0317919442815 -0.0465864017595 -0.0219494076246
-0.0295365777126 -0.0474503607038 -0.0213865630499
-0.0272812111437 -0.0483143196481 -0.0208237184751
-0.02455528739 -0.0485170684262 -0.0199397683285
-0.0215920029326 -0.0483862864125 -0.0188938445748
-0.0186287184751 -0.0482555043988 -0.0178479208211
-0.0156654340176 -0.0481247223851 -0.0168019970675
-0.0127021495601 -0.0479939403715 -0.0157560733138
-0.00973886510266 -0.0478631583578 -0.0147101495601
-0.0065290215054 -0.0472358172043 -0.0134198172043
-0.00318469110462 -0.046337625611 -0.0119961710655
0.000159639296165 -0.0454394340176 -0.0105725249267
0.00350396969695 -0.0445412424242 -0.00914887878789
0.00684830009773 -0.0436430508309 -0.00772523264908
0.0101926304985 -0.0427448592375 -0.00630158651027
0.0135240957967 -0.0414286041056 -0.00475253176932
0.0168479863147 -0.0398661994135 -0.00312963831868
0.0201718768328 -0.0383037947214 -0.00150674486805
0.0234957673509 -0.0367413900293 0.000116148582589
0.026819657869 -0.0351789853373 0.00173904203322
0.0301435483871 -0.0336165806452 0.00336193548386
0.0330644516129 -0.031662168133 0.00498442228738
0.0357296129032 -0.0294589814272 0.00660665102638
0.0383947741935 -0.0272557947214 0.00822887976538
0.0410599354839 -0.0250526080157 0.00985110850439
0.0437250967742 -0.0228494213099 0.0114733372434
0.0463902580645 -0.0206462346041 0.0130955659824
0.0483970928641 -0.0180893010753 0.0145918162268
0.0499541798631 -0.0152906989248 0.016002001955
0.0515112668622 -0.0124920967742 0.0174121876833
0.0530683538612 -0.00969349462368 0.0188223734115
0.0546254408602 -0.00689489247314 0.0202325591398
0.0561825278592 -0.0040962903226 0.021642744868
0.0568933470186 -0.00100943597266 0.0227731085044
0.0569824183773 0.0022891955034 0.023697888563
0.0570714897361 0.00558782697945 0.0246226686217
0.0571605610948 0.0088864584555 0.0255474486803
0.0572496324536 0.0121850899315 0.026472228739
0.0573387038123 0.0154837214076 0.0273970087976
0.0566452091887 0.0188007399804 0.0280115298143
0.0553338993157 0.0221322746823 0.0283811094819
0.0540225894428 0.0254638093841 0.0287506891496
0.0527112795699 0.028795344086 0.0291202688172
0.051399969697 0.0321268787879 0.0294898484848
0.0500886598241 0.0354584134897 0.0298594281525
0.0481953128055 0.0384630469208 0.0298542629521
0.0458084995113 0.0411905249267 0.0295313792766
0.043421686217 0.0439180029325 0.0292084956012
0.0410348729228 0.0466454809384 0.0288856119257
0.0386480596286 0.0493729589443 0.0285627282502
0.0362612463343 0.0521004369501 0.0282398445748
0.0335389648094 0.0541425366569 0.0276157702835
0.0305113695015 0.0555608651026 0.0267175786901
0.0274837741936 0.0569791935484 0.0258193870968
0.0244561788857 0.0583975219941 0.0249211955034
0.0214285835777 0.0598158504399 0.0240230039101
0.0184009882698 0.0612341788856 0.0231248123167
0.0152949589443 0.0617916666667 0.0219706383187
0.0121123196481 0.0615083333333 0.0205664349951
0.00892968035194 0.061225 0.0191622316716
0.00574704105575 0.0609416666667 0.017758028348
0.00256440175956 0.0606583333333 0.0163538250245
-0.000618237536627 0.060375 0.0149496217009
-0.00368834408599 0.0593010977517 0.0134307761486
-0.00664049462363 0.0573985268817 0.0117917634409
-0.00959264516126 0.0554959560117 0.0101527507332
-0.0125447956989 0.0535933851418 0.00851373802543
-0.0154969462365 0.0516908142718 0.00687472531771
-0.0184490967742 0.0497882434018 0.00523571260999
-0.0211680508309 0.0473398269795 0.00359474486805
-0.0236246588465 0.0442773343109 0.00195157771263
-0.0260812668621 0.0412148416423 0.000308410557201
-0.0285378748778 0.0381523489736 -0.00133475659822
-0.0309944828934 0.035089856305 -0.00297792375365
-0.0334510909091 0.0320273636364 -0.00462109090907
-0.0355631935484 0.028683967742 -0.00616994623654
-0.0372592052786 0.0250012991203 -0.0076048924731
-0.0389552170088 0.0213186304986 -0.00903983870966
-0.040651228739 0.0176359618769 -0.0104747849462
-0.0423472404692 0.0139532932552 -0.0119097311828
-0.0440432521994 0.0102706246335 -0.0133446774193
-0.0453264408602 0.00663504692086 -0.0146107908113
-0.0460740752688 0.00306056011734 -0.0156578778104
-0.0468217096774 -0.000513926686179 -0.0167049648094
-0.047569344086 -0.0040884134897 -0.0177520518084
-0.0483169784946 -0.00766290029322 -0.0187991388074
-0.0490646129032 -0.0112373870967 -0.0198462258064
-0.0493799315738 -0.0145498748778 -0.0206839217986
-0.0490924437928 -0.0174970400782 -0.0212296500489
-0.0488049560117 -0.0204442052786 -0.0217753782991
-0.0485174682307 -0.023391370479 -0.0223211065494
-0.0482299804497 -0.0263385356793 -0.0228668347996
-0.0479424926686 -0.0292857008797 -0.0234125630498
-0.047252056696 -0.03184314565 -0.0237391358749
-0.045957198436 -0.0338160097751 -0.0237369755621
-0.044662340176 -0.0357888739003 -0.0237348152493
-0.0433674819159 -0.0377617380254 -0.0237326549365
-0.0420726236559 -0.0397346021505 -0.0237304946237
-0.0407777653959 -0.0417074662756 -0.0237283343109
-0.0391265190616 -0.0432433118279 -0.0235183391984
-0.036899568915 -0.0440732043011 -0.0229726109482
-0.0346726187684 -0.0449030967742 -0.022426882698
-0.0324456686217 -0.0457329892473 -0.0218811544477
-0.0302187184751 -0.0465628817204 -0.0213354261975
-0.0279917683285 -0.0473927741935 -0.0207896979472
-0.0255056666667 -0.0478680606061 -0.0200701515152
-0.022568139785 -0.0477256461388 -0.0190478250245
-0.0196306129033 -0.0475832316716 -0.0180254985337
-0.0166930860215 -0.0474408172043 -0.017003172043
-0.0137555591398 -0.047298402737 -0.0159808455523
-0.0108180322581 -0.0471559882698 -0.0149585190616
-0.00774578005869 -0.0467483910069 -0.0138043509287
-0.00442006158362 -0.0458418905181 -0.01240214174
-0.00109434310855 -0.0449353900293 -0.0109999325513
0.00223137536653 -0.0440288895406 -0.00959772336268
0.0055570938416 -0.0431223890518 -0.00819551417402
0.00888281231667 -0.0422158885631 -0.00679330498535
0.0122035493646 -0.0410944750733 -0.00532464027372
0.01551414565 -0.0395355601173 -0.00372069110461
0.0188247419354 -0.0379766451613 -0.0021167419355
0.0221353382209 -0.0364177302053 -0.000512792766394
0.0254459345063 -0.0348588152493 0.00109115640272
0.0287565307917 -0.0332999002933 0.00269510557183
0.0318658514174 -0.0315429736071 0.00430091984358
0.0345308465298 -0.0293489266862 0.00591085141738
0.0371958416422 -0.0271548797654 0.00752078299118
0.0398608367546 -0.0249608328446 0.00913071456498
0.042525831867 -0.0227667859238 0.0107406461388
0.0451908269794 -0.020572739003 0.0123505777126
0.047532801564 -0.0182176461388 0.0138994633431
0.0490995268817 -0.0154760430108 0.0153018387097
0.0506662521994 -0.0127344398827 0.0167042140762
0.0522329775171 -0.00999283675468 0.0181065894428
0.0537997028348 -0.00725123362663 0.0195089648094
0.0553664281525 -0.00450963049857 0.0209113401759
0.0565311955034 -0.00163093255136 0.0221825933529
0.056644030303 0.0016065454545 0.0231106969697
0.0567568651026 0.00484402346037 0.0240388005865
0.0568696999022 0.00808150146623 0.0249669042033
0.0569825347019 0.0113189794721 0.0258950078201
0.0570953695015 0.014556457478 0.0268231114369
0.0568484193549 0.0177996559139 0.0276087204301
0.0555711759531 0.0210592355816 0.0279862766373
0.0542939325513 0.0243188152492 0.0283638328446
0.0530166891496 0.0275783949169 0.0287413890518
0.0517394457478 0.0308379745845 0.029118945259
0.0504622023461 0.0340975542522 0.0294965014663
0.0489249315738 0.0372113695014 0.0297103782991
0.0465695259042 0.0398665601173 0.0294092639296
0.0442141202346 0.0425217507331 0.0291081495601
0.041858714565 0.0451769413489 0.0288070351906
0.0395033088954 0.0478321319648 0.0285059208211
0.0371479032258 0.0504873225806 0.0282048064516
0.0346482609971 0.0528517370479 0.0277746480939
0.0316475865103 0.054206086999 0.0268962316716
0.0286469120235 0.0555604369501 0.0260178152493
0.0256462375367 0.0569147869013 0.025139398827
0.0226455630499 0.0582691368524 0.0242609824047
0.0196448885631 0.0596234868035 0.0233825659824
0.0166087350929 0.0606402218964 0.0223996627566
0.0134357341154 0.0603547282502 0.021013739003
0.0102627331379 0.0600692346041 0.0196278152493
0.00708973216036 0.059783740958 0.0182418914956
0.00391673118284 0.0594982473118 0.016855967742
0.000743730205326 0.0592127536657 0.0154700439883
-0.00238594721403 0.0586288435973 0.0140393577713
-0.00532879178881 0.0567580127078 0.0124156334311
-0.00827163636359 0.0548871818182 0.0107919090909
-0.0112144809384 0.0530163509287 0.00916818475076
-0.0141573255132 0.0511455200391 0.00754446041058
-0.0171001700879 0.0492746891496 0.00592073607041
-0.0199620244379 0.0472095610949 0.00429553763443
-0.0224300987292 0.0441997468231 0.00266317204304
-0.0248981730205 0.0411899325514 0.00103080645164
-0.0273662473118 0.0381801182796 -0.00060155913976
-0.0298343216031 0.0351703040079 -0.00223392473116
-0.0323023958944 0.0321604897361 -0.00386629032256
-0.0346537116324 0.0290607047899 -0.00546764907134
-0.0363583646139 0.0254626207234 -0.00689727761484
-0.0380630175953 0.0218645366569 -0.00832690615834
-0.0397676705767 0.0182664525905 -0.00975653470183
-0.0414723235581 0.014668368524 -0.0111861632453
-0.0431769765396 0.0110702844575 -0.0126157917888
-0.0447534770283 0.00748533040084 -0.0139927653959
-0.0455109159335 0.00398429423271 -0.0150332052786
-0.0462683548387 0.000483258064572 -0.0160736451613
-0.0470257937439 -0.00301777810356 -0.017114085044
-0.0477832326491 -0.00651881427169 -0.0181545249267
-0.0485406715542 -0.0100198504398 -0.0191949648094
-0.049177797654 -0.0134483939393 -0.0201783958944
-0.0489125777126 -0.0163332424242 -0.0207342609971
-0.0486473577713 -0.019218090909 -0.0212901260997
-0.0483821378299 -0.0221029393939 -0.0218459912023
-0.0481169178886 -0.0249877878787 -0.022401856305
-0.0478516979472 -0.0278726363636 -0.0229577214076
-0.0474856080157 -0.0306637937439 -0.023458398827
-0.0462116881721 -0.0326117311828 -0.0234623870968
-0.0449377683285 -0.0345596686217 -0.0234663753666
-0.0436638484849 -0.0365076060606 -0.0234703636364
-0.0423899286413 -0.0384555434995 -0.0234743519062
-0.0411160087977 -0.0404034809384 -0.023478340176
-0.0397652189639 -0.0422582355816 -0.023437769306
-0.0375578778104 -0.0430746676442 -0.0229006823069
-0.0353505366569 -0.0438910997067 -0.0223635953079
-0.0331431955035 -0.0447075317693 -0.0218265083089
-0.03093585435 -0.0455239638319 -0.0212894213099
-0.0287285131965 -0.0463403958944 -0.0207523343109
-0.0264752150538 -0.0470954086022 -0.0201848709678
-0.0235576295211 -0.0469626324536 -0.0191783313783
-0.0206400439883 -0.046829856305 -0.0181717917889
-0.0177224584556 -0.0466970801564 -0.0171652521994
-0.0148048729228 -0.0465643040078 -0.01615871261
-0.0118872873901 -0.0464315278592 -0.0151521730205
-0.00895111339204 -0.0462624819159 -0.0141276940372
-0.00563852297171 -0.0453589726295 -0.0127399423265
-0.00232593255138 -0.0444554633431 -0.0113521906159
0.000986657868954 -0.0435519540567 -0.00996443890521
0.00429924828929 -0.0426484447703 -0.00857668719455
0.00761183870962 -0.0417449354839 -0.0071889354839
0.0109239843597 -0.0408229462366 -0.00579523069407
0.0142214525904 -0.0392911182796 -0.00420507429133
0.0175189208211 -0.0377592903226 -0.00261491788859
0.0208163890517 -0.0362274623656 -0.00102476148585
0.0241138572824 -0.0346956344086 0.000565394916882
0.0274113255131 -0.0331638064516 0.00215555131962
0.030701376344 -0.0316245806452 0.00374581133917
0.0333683655913 -0.0294639354839 0.00534477517104
0.0360353548387 -0.0273032903226 0.0069437390029
0.038702344086 -0.0251426451613 0.00854270283477
0.0413693333333 -0.022982 0.0101416666666
0.0440363225806 -0.0208213548387 0.0117406304985
0.0467033118279 -0.0186607096775 0.0133395943304
0.0482826217009 -0.0159682844575 0.014732718475
0.0498554956011 -0.01327271261 0.0161246246334
0.0514283695014 -0.0105771407625 0.0175165307918
0.0530012434017 -0.00788156891501 0.0189084369501
0.054574117302 -0.0051859970675 0.0203003431085
0.0561469912023 -0.00249042521999 0.0216922492668
0.0563112179863 0.000681078201308 0.02262785826
0.0564415014663 0.00386404985331 0.0235524721407
0.0565717849462 0.00704702150532 0.0244770860215
0.0567020684262 0.0102299931573 0.0254016999022
0.0568323519062 0.0134129648093 0.026326313783
0.0569626353861 0.0165959364613 0.0272509276637
0.0557648592376 0.0197937262951 0.0276483010753
0.0545100498534 0.0229921524926 0.0280230322581
0.0532552404692 0.0261905786901 0.0283977634409
0.0520004310851 0.0293890048875 0.0287724946236
0.0507456217009 0.032587431085 0.0291472258064
0.0494908123167 0.0357858572824 0.0295219569892
0.0472222003911 0.0384099726295 0.0292690439883
0.0448902258065 0.0409981935483 0.0289769032258
0.0425582512219 0.0435864144672 0.0286847624633
0.0402262766374 0.0461746353861 0.0283926217009
0.0378943020528 0.0487628563049 0.0281004809384
0.0355623274683 0.0513510772238 0.027808340176
0.0326293636364 0.0527629491691 0.0269825835777
0.0296466363637 0.0540774164223 0.0261126422288
0.026663909091 0.0553918836754 0.0252427008798
0.0236811818182 0.0567063509286 0.0243727595308
0.0206984545455 0.0580208181818 0.0235028181818
0.0177157272728 0.059335285435 0.0226328768329
0.0145678602151 0.0591957096774 0.0213040967742
0.0114028357772 0.0589050645161 0.0199276451613
0.00823781133926 0.0586144193548 0.0185511935484
0.00507278690134 0.0583237741936 0.0171747419355
0.00190776246341 0.0580331290323 0.0157982903226
-0.00125726197452 0.057742483871 0.0144218387097
-0.00421711534696 0.0560941671555 0.0128338690127
-0.00715115249261 0.0542750175953 0.0112192844575
-0.0100851896383 0.0524558680352 0.00960469990228
-0.0130192267839 0.0506367184751 0.00799011534705
-0.0159532639296 0.048817568915 0.00637553079182
-0.0188873010752 0.0469984193549 0.00476094623659
-0.0214195826001 0.0441837781037 0.00313768132946
-0.023892143695 0.0412211583578 0.00151312609974
-0.0263647047898 0.038258538612 -0.000111429129976
-0.0288372658846 0.0352959188661 -0.00173598435969
-0.0313098269794 0.0323332991203 -0.00336053958941
-0.0337823880742 0.0293706793745 -0.00498509481912
-0.0355998269794 0.0259354985338 -0.00643856989244
-0.037304313783 0.0224188416423 -0.00786254838707
-0.0390088005865 0.0189021847508 -0.00928652688169
-0.04071328739 0.0153855278593 -0.0107105053763
-0.0424177741935 0.0118688709678 -0.0121344838709
-0.044122260997 0.00835221407632 -0.0135584623656
-0.04503957087 0.00490773704797 -0.0146577702835
-0.0458016627566 0.0014774926687 -0.015693058651
-0.0465637546432 -0.00195275171058 -0.0167283470186
-0.0473258465298 -0.00538299608986 -0.0177636353861
-0.0480879384164 -0.00881324046913 -0.0187989237536
-0.048850030303 -0.0122434848484 -0.0198342121212
-0.0487846441838 -0.0151738455522 -0.020476686217
-0.04853471261 -0.0179927214076 -0.0210315542522
-0.0482847810362 -0.0208115972629 -0.0215864222874
-0.0480348494624 -0.0236304731182 -0.0221412903226
-0.0477849178886 -0.0264493489735 -0.0226961583578
-0.0475349863148 -0.0292682248289 -0.0232510263929
-0.0464787595308 -0.0313603049853 -0.0233654565005
-0.0452209589443 -0.033270686217 -0.0233697771261
-0.0439631583578 -0.0351810674486 -0.0233740977517
-0.0427053577713 -0.0370914486803 -0.0233784183773
-0.0414475571848 -0.039001829912 -0.0233827390029
-0.0401897565983 -0.0409122111437 -0.0233870596285
-0.0382014310851 -0.0419586774193 -0.0229684584555
-0.0360098768329 -0.0427648064516 -0.0224322023461
-0.0338183225807 -0.0435709354839 -0.0218959462366
-0.0316267683285 -0.0443770645161 -0.0213596901271
-0.0294352140763 -0.0451831935484 -0.0208234340176
-0.0272436598241 -0.0459893225806 -0.0202871779081
-0.0245085962855 -0.0460861065494 -0.019394597263
-0.0216062991203 -0.0459646304985 -0.0183923782991
-0.0187040019551 -0.0458431544477 -0.0173901593353
-0.0158017047899 -0.0457216783969 -0.0163879403715
-0.0128994076247 -0.045600202346 -0.0153857214076
-0.0099971104595 -0.0454787262952 -0.0143835024438
-0.00679413489744 -0.0447760048876 -0.0130971163246
-0.00348935483879 -0.043876483871 -0.0117145161291
-0.000184574780136 -0.0429769628544 -0.0103319159336
0.00312020527851 -0.0420774418378 -0.00894931573806
0.00642498533717 -0.0411779208211 -0.00756671554255
0.00972976539582 -0.0402783998045 -0.00618411534705
0.0130226666666 -0.0389402121212 -0.00465557575761
0.0163111612902 -0.0374392932552 -0.00307289736074
0.0195996559139 -0.0359383743891 -0.00149021896387
0.0228881505376 -0.034437455523 9.24594330025e-05
0.0261766451612 -0.0329365366569 0.00167513782987
0.0294651397849 -0.0314356177908 0.00325781622675
0.0323154086021 -0.0294915053764 0.00484534408598
0.0349882140762 -0.0273679178886 0.00643483577709
0.0376610195503 -0.0252443304008 0.00802432746819
0.0403338250244 -0.0231207429131 0.0096138191593
0.0430066304985 -0.0209971554253 0.0112033108504
0.0456794359726 -0.0188735679375 0.0127928025415
0.0475942961876 -0.0163835229717 0.0142360342131
0.0491751466275 -0.0137319882699 0.0156148123167
0.0507559970674 -0.011080453568 0.0169935904203
0.0523368475073 -0.00842891886614 0.0183723685239
0.0539176979472 -0.00577738416429 0.0197511466275
0.0554985483871 -0.00312584946243 0.0211299247311
0.0561103861193 -0.00014876246342 0.022193829912
0.0562587829912 0.00298402346033 0.023107143695
0.0564071798631 0.00611680938409 0.024020457478
0.0565555767351 0.00924959530784 0.024933771261
0.056703973607 0.0123823812316 0.025847085044
0.056852370479 0.0155151671553 0.026760398827
0.0560933812317 0.0186562737047 0.0273105610948
0.0548644956012 0.0218016891495 0.0276726627566
0.0536356099707 0.0249471045943 0.0280347644184
0.0524067243402 0.028092520039 0.0283968660801
0.0511778387097 0.0312379354838 0.0287589677419
0.0499489530792 0.0343833509286 0.0291210694037
0.0480254721408 0.0371374105571 0.0290635796677
0.0457132727273 0.0396724545454 0.0287712727273
0.0434010733138 0.0422074985337 0.0284789657869
0.0410888739004 0.0447425425219 0.0281866588465
0.0387766744869 0.0472775865102 0.0278943519062
0.0364644750734 0.0498126304985 0.0276020449658
0.0337467194527 0.0515687869012 0.0269511202346
0.0307840997068 0.0528546715542 0.0260836715543
0.027821479961 0.0541405562072 0.0252162228739
0.0248588602151 0.0554264408602 0.0243487741936
0.0218962404693 0.0567123255132 0.0234813255132
0.0189336207234 0.0579982101661 0.0226138768329
0.0158530997068 0.0583372600196 0.0214445767351
0.0126958856306 0.0580604076246 0.0200789266863
0.00953867155433 0.0577835552297 0.0187132766374
0.00638145747809 0.0575067028348 0.0173476265885
0.00322424340184 0.0572298504399 0.0159819765396
6.70293255957e-05 0.056952998045 0.0146163264907
-0.002953918866 0.0557911016618 0.013113139785
-0.00587948093834 0.0540096744869 0.0115136774194
-0.00880504301068 0.0522282473119 0.00991421505381
-0.011730605083 0.0504468201369 0.00831475268821
-0.0146561671553 0.0486653929619 0.00671529032262
-0.0175817292277 0.0468839657869 0.00511582795703
-0.0202540293254 0.0444547341154 0.00351276246339
-0.0227357302052 0.0415379794722 0.00190698533729
-0.025217431085 0.038621224829 0.000301208211186
-0.0276991319647 0.0357044701858 -0.00130456891491
-0.0301808328445 0.0327877155426 -0.00291034604101
-0.0326625337243 0.0298709608994 -0.00451612316711
-0.0347138377321 0.0266570449659 -0.00601034995109
-0.0364171612903 0.0232028709678 -0.00741438709674
-0.0381204848484 0.0197486969698 -0.00881842424239
-0.0398238084066 0.0162945229717 -0.010222461388
-0.0415271319648 0.0128403489737 -0.0116264985337
-0.0432304555229 0.00938617497566 -0.0130305356793
-0.0444313665689 0.00597318670586 -0.0142248191593
-0.045196117302 0.00259595307927 -0.0152370087976
-0.0459608680352 -0.000781280547317 -0.0162491984359
-0.0467256187683 -0.00415851417391 -0.0172613880743
-0.0474903695014 -0.00753574780049 -0.0182735777126
-0.0482551202346 -0.0109129814271 -0.0192857673509
-0.0485020215054 -0.0139762365591 -0.0200544301075
-0.0482663812317 -0.016746920821 -0.020596170088
-0.048030740958 -0.019517605083 -0.0211379100684
-0.0477951006843 -0.022288289345 -0.0216796500489
-0.0475594604106 -0.025058973607 -0.0222213900293
-0.0473238201369 -0.0278296578689 -0.0227631300098
-0.0465841622679 -0.0301557331378 -0.0230305933529
-0.0453404868036 -0.0320371994134 -0.0230237800587
-0.0440968113392 -0.0339186656891 -0.0230169667644
-0.0428531358749 -0.0358001319648 -0.0230101534702
-0.0416094604106 -0.0376815982404 -0.023003340176
-0.0403657849463 -0.0395630645161 -0.0229965268817
-0.0386754780059 -0.0409307282502 -0.0227289648094
-0.0365058592376 -0.0417469941349 -0.0221815747801
-0.0343362404693 -0.0425632600195 -0.0216341847507
-0.0321666217009 -0.0433795259042 -0.0210867947214
-0.0299970029326 -0.0441957917888 -0.0205394046921
-0.0278273841643 -0.0450120576735 -0.0199920146628
-0.0253270156404 -0.045394943304 -0.019237510264
-0.0224456568916 -0.0452786187683 -0.0182444310851
-0.0195642981428 -0.0451622942327 -0.0172513519062
-0.016682939394 -0.045045969697 -0.0162582727273
-0.0138015806452 -0.0449296451613 -0.0152651935484
-0.0109202218965 -0.0448133206256 -0.0142721143695
-0.00785885532756 -0.0443494613881 -0.0131082394917
-0.00457484750743 -0.0434557565983 -0.0117331173021
-0.00129083968729 -0.0425620518084 -0.0103579951125
0.00199316813285 -0.0416683470186 -0.00898287292282
0.00527717595298 -0.0407746422288 -0.00760775073318
0.00856118377312 -0.0398809374389 -0.00623262854354
0.0118366999022 -0.038733623656 -0.00477558651031
0.0151009325512 -0.0372493225807 -0.00320969208216
0.0183651652003 -0.0357650215054 -0.001643797654
0.0216293978494 -0.0342807204302 -7.79032258523e-05
0.0248936304984 -0.0327964193549 0.0014879912023
0.0281578631475 -0.0313121182796 0.00305388563045
0.0311774037145 -0.0295759403715 0.0046199853372
0.0338473841641 -0.0274799384165 0.00618637829907
0.0365173646138 -0.0253839364615 0.00775277126095
0.0391873450635 -0.0232879345064 0.00931916422283
0.0418573255131 -0.0211919325514 0.0108855571847
0.0445273059628 -0.0190959305963 0.0124519501466
0.0467683030303 -0.0167961779082 0.0139342492668
0.0483498181818 -0.014183196481 0.0152872697947
0.0499313333333 -0.0115702150538 0.0166402903225
0.0515128484848 -0.00895723362667 0.0179933108504
0.0530943636363 -0.00634425219949 0.0193463313783
0.0546758787878 -0.00373127077232 0.0206993519061
0.0557236226784 -0.000942868035283 0.0218771388074
0.0558873079179 0.00213607624624 0.0227646950146
0.0560509931574 0.00521502052777 0.0236522512219
0.0562146783969 0.00829396480929 0.0245398074291
0.0563783636364 0.0113729090908 0.0254273636363
0.0565420488759 0.0144518533723 0.0263149198436
0.0562142756599 0.0175326461387 0.0270055229716
0.0550083225807 0.0206167419354 0.0273441935484
0.0538023695015 0.0237008377321 0.0276828641251
0.0525964164223 0.0267849335287 0.0280215347018
0.0513904633431 0.0298690293254 0.0283602052786
0.050184510264 0.0329531251221 0.0286988758553
0.0486112238515 0.0358280694036 0.0288201739981
0.0463286041056 0.0382991348973 0.0285217184751
0.0440459843598 0.0407702003909 0.0282232629521
0.041763364614 0.0432412658846 0.0279248074291
0.0394807448681 0.0457123313782 0.0276263519062
0.0371981251223 0.0481833968719 0.0273278963832
0.0347038924732 0.0502596236559 0.0268455161291
0.031767196481 0.0515102785923 0.0259785659824
0.0288305004889 0.0527609335288 0.0251116158358
0.0258938044967 0.0540115884653 0.0242446656892
0.0229571085045 0.0552622434017 0.0233777155425
0.0200204125123 0.0565128983382 0.0225107653959
0.0170225161291 0.057304601173 0.0214957448681
0.0138857419356 0.0570548357771 0.0201447184751
0.010748967742 0.0568050703812 0.0187936920822
0.00761219354849 0.0565553049853 0.0174426656892
0.00447541935494 0.0563055395895 0.0160916392962
0.00133864516139 0.0560557741936 0.0147406129033
-0.00173471163236 0.0553743010753 0.0133238220919
-0.00465146627557 0.0536267741936 0.0117446334311
-0.00756822091877 0.0518792473119 0.0101654447703
-0.010484975562 0.0501317204302 0.00858625610953
-0.0134017302052 0.0483841935484 0.00700706744873
-0.0163184848484 0.0466366666667 0.00542787878793
-0.0191181036167 0.0445886334312 0.00384801564032
-0.0216019648093 0.0417305395895 0.0022663343109
-0.0240858260019 0.0388724457479 0.000684652981478
-0.0265696871944 0.0360143519063 -0.000897028347945
-0.029053548387 0.0331562580646 -0.00247870967737
-0.0315374095796 0.030298164223 -0.00406039100679
-0.03382442913 0.0273074555231 -0.0055912541544
-0.0355300791788 0.0239250703813 -0.00697202639292
-0.0372357292277 0.0205426852396 -0.00835279863143
-0.0389413792766 0.0171603000979 -0.00973357086995
-0.0406470293255 0.0137779149561 -0.0111143431085
-0.0423526793743 0.0103955298144 -0.012495115347
-0.0438382707722 0.00702901955045 -0.0137825933529
-0.0446086715542 0.0037141026394 -0.0147668651026
-0.0453790723362 0.000399185728359 -0.0157511368524
-0.0461494731183 -0.00291573118269 -0.0167354086021
-0.0469198739003 -0.00623064809373 -0.0177196803519
-0.0476902746823 -0.00954556500478 -0.0187039521016
-0.0482455835777 -0.0127300596285 -0.0195894848485
-0.0480277243402 -0.0154457390028 -0.0201200909091
-0.0478098651026 -0.0181614183772 -0.0206506969697
-0.0475920058651 -0.0208770977516 -0.0211813030303
-0.0473741466276 -0.023592777126 -0.0217119090909
-0.04715628739 -0.0263084565004 -0.0222425151515
-0.0467368211144 -0.0288537370478 -0.0226640420332
-0.0455109266863 -0.0307174222873 -0.0226492521994
-0.0442850322581 -0.0325811075268 -0.0226344623656
-0.04305913783 -0.0344447927663 -0.0226196725318
-0.0418332434018 -0.0363084780058 -0.0226048826979
-0.0406073489736 -0.0381721632453 -0.0225900928641
-0.039212969697 -0.0398477878788 -0.0224767272727
-0.0370631260998 -0.0406801730205 -0.0219213607038
-0.0349132825025 -0.0415125581622 -0.0213659941349
-0.0327634389053 -0.042344943304 -0.020810627566
-0.030613595308 -0.0431773284457 -0.0202552609971
-0.0284637517107 -0.0440097135875 -0.0196998944282
-0.0261965434996 -0.0446883587488 -0.0190754995113
-0.0233341290324 -0.0445873225806 -0.0181010322581
-0.0204717145651 -0.0444862864125 -0.0171265650049
-0.0176093000978 -0.0443852502444 -0.0161520977517
-0.0147468856306 -0.0442842140762 -0.0151776304986
-0.0118844711633 -0.0441831779081 -0.0142031632454
-0.00896220821126 -0.0439687497557 -0.013172024438
-0.00569282404703 -0.0430966480939 -0.0118121906159
-0.00242343988281 -0.0422245464321 -0.0104523567938
0.000845944281412 -0.0413524447703 -0.0090925229717
0.00411532844563 -0.0404803431085 -0.00773268914961
0.00738471260986 -0.0396082414468 -0.00637285532752
0.0106511505375 -0.0386597311828 -0.00498951612909
0.0138977683283 -0.0371971994135 -0.00344804985343
0.0171443861191 -0.0357346676442 -0.00190658357777
0.02039100391 -0.0342721358749 -0.000365117302107
0.0236376217008 -0.0328096041056 0.00117634897355
0.0268842394916 -0.0313470723363 0.00271781524921
0.0300662052785 -0.0298168797655 0.00425902150532
0.0327343577712 -0.0277489618769 0.00579816129027
0.0354025102638 -0.0256810439883 0.00733730107521
0.0380706627565 -0.0236131260998 0.00887644086016
0.0407388152492 -0.0215452082112 0.0104155806451
0.0434069677418 -0.0194772903227 0.0119547204301
0.0459728641251 -0.0173613724341 0.0134731524926
0.0475545454545 -0.0147834545455 0.0147922727272
0.0491362267839 -0.012205536657 0.0161113929618
0.0507179081133 -0.00962761876842 0.0174305131964
0.0522995894428 -0.00704970087986 0.018749633431
0.0538812707722 -0.00447178299129 0.0200687536656
0.055355457478 -0.00185908406658 0.0213534359726
0.0555314398827 0.00117366275649 0.0222222140762
0.0557074222874 0.00420640957956 0.0230909921798
0.0558834046921 0.00723915640263 0.0239597702834
0.0560593870968 0.0102719032257 0.0248285483871
0.0562353695015 0.0133046500488 0.0256973264907
0.0563310293256 0.0163374164222 0.0265340322581
0.0551415278593 0.0193704956011 0.0268575806451
0.053952026393 0.0224035747799 0.0271811290322
0.0527625249267 0.0254366539588 0.0275046774193
0.0515730234605 0.0284697331377 0.0278282258064
0.0503835219942 0.0315028123166 0.0281517741935
0.0491499814273 0.0345101632453 0.0284499090909
0.0468909589444 0.0369184134896 0.0281562727273
0.0446319364615 0.039326663734 0.0278626363636
0.0423729139786 0.0417349139784 0.027569
0.0401138914957 0.0441431642228 0.0272753636364
0.0378548690128 0.0465514144672 0.0269817272727
0.0355803391985 0.0489322825024 0.0266748592376
0.0326622551321 0.0501767888563 0.0258188768329
0.0297441710656 0.0514212952101 0.0249628944282
0.0268260869991 0.052665801564 0.0241069120235
0.0239080029327 0.0539103079178 0.0232509296188
0.0209899188662 0.0551548142717 0.0223949472141
0.0180706510265 0.0563905454546 0.0215362111437
0.0149513255133 0.0561432727273 0.0202121055719
0.0118320000001 0.055896 0.018888
0.00871267448692 0.0556487272727 0.0175638944282
0.00559334897372 0.0554014545455 0.0162397888564
0.00247402346053 0.0551541818182 0.0149156832845
-0.00064530205267 0.0549069090909 0.0135915777127
-0.00355754252189 0.0532111906159 0.0120434721408
-0.00646731769295 0.0514982287391 0.0104926999023
-0.00937709286402 0.0497852668622 0.00894192766379
-0.0122868680351 0.0480723049854 0.00739115542528
-0.0151966432061 0.0463593431086 0.00584038318676
-0.0181064183772 0.0446463812317 0.00428961094825
-0.0205994193547 0.041872935484 0.0027364193549
-0.0230797908112 0.0390673538613 0.00118315444776
-0.0255601622677 0.0362617722386 -0.000370110459374
-0.0280405337242 0.0334561906159 -0.00192337536651
-0.0305209051807 0.0306506089933 -0.00347664027365
-0.0330012766372 0.0278450273706 -0.00502990518078
-0.0347416422287 0.0245490117303 -0.00639789149555
-0.0364454643206 0.0212287771262 -0.00775672825019
-0.0381492864124 0.0179085425221 -0.00911556500484
-0.0398531085043 0.014588307918 -0.0104744017595
-0.0415569305962 0.0112680733139 -0.0118332385141
-0.0432607526881 0.0079478387098 -0.0131920752688
-0.0440927947214 0.00468682111449 -0.0141740058651
-0.0448645249267 0.00142990029338 -0.0151298611925
-0.0456362551319 -0.00182702052773 -0.01608571652
-0.0464079853372 -0.00508394134885 -0.0170415718475
-0.0471797155425 -0.00834086216996 -0.0179974271749
-0.0479514457478 -0.0115977829911 -0.0189532825024
-0.0478281964809 -0.0143103049852 -0.0195204340176
-0.0476246285435 -0.0169739706744 -0.0200527018573
-0.0474210606061 -0.0196376363635 -0.0205849696969
-0.0472174926686 -0.0223013020527 -0.0211172375366
-0.0470139247312 -0.0249649677418 -0.0216495053763
-0.0468103567938 -0.027628633431 -0.022181773216
-0.0457025483871 -0.0295554164222 -0.0222243812317
-0.0444942688173 -0.0314003235581 -0.0222125826002
-0.0432859892474 -0.033245230694 -0.0222007839687
-0.0420777096775 -0.0350901378298 -0.0221889853372
-0.0408694301076 -0.0369350449657 -0.0221771867058
-0.0396611505377 -0.0387799521016 -0.0221653880743
-0.0376411407625 -0.0397373225806 -0.0216789560118
-0.0355129002933 -0.0405763548387 -0.0211292394917
-0.0333846598241 -0.0414153870967 -0.0205795229717
-0.0312564193549 -0.0422544193548 -0.0200298064516
-0.0291281788857 -0.0430934516129 -0.0194800899316
-0.0269999384165 -0.0439324838709 -0.0189303734116
-0.0242584076247 -0.0439689794721 -0.0180373695015
-0.0214209198437 -0.0438799081134 -0.017090653959
-0.0185834320627 -0.0437908367546 -0.0161439384165
-0.0157459442816 -0.0437017653959 -0.0151972228739
-0.0129084565006 -0.0436126940371 -0.0142505073314
-0.0100709687196 -0.0435236226784 -0.0133037917889
-0.00688241935497 -0.0427856363637 -0.0120278328446
-0.0036304838711 -0.0419304848485 -0.010692427175
-0.000378548387227 -0.0410753333334 -0.00935702150543
0.00287338709664 -0.0402201818182 -0.00802161583583
0.00612532258051 -0.0393650303031 -0.00668621016623
0.00937725806439 -0.0385098787879 -0.00535080449663
0.0126090703811 -0.0371652932552 -0.00386723167161
0.0158367438904 -0.0357200439883 -0.00235318475079
0.0190644173997 -0.0342747947215 -0.000839137829973
0.022292090909 -0.0328295454546 0.000674909090848
0.0255197644182 -0.0313842961877 0.00218895601167
0.0287474379275 -0.0299390469209 0.00370300293249
0.0315206422286 -0.0280084369502 0.00521691495595
0.0341884623655 -0.02596527957 0.00673079569886
0.0368562825023 -0.0239221221897 0.00824467644178
0.0395241026392 -0.0218789648095 0.00975855718469
0.042191922776 -0.0198358074292 0.0112724379276
0.0448597429129 -0.017792650049 0.0127863186705
0.0466674164222 -0.0153464721409 0.014119803519
0.048252088954 -0.0127958074292 0.0154065190615
0.0498367614858 -0.0102451427176 0.0166932346041
0.0514214340175 -0.00769447800597 0.0179799501466
0.0530061065493 -0.00514381329434 0.0192666656891
0.0545907790811 -0.00259314858271 0.0205533812316
0.0550957096774 0.000302935483747 0.0215104193548
0.0552898054741 0.0032984584554 0.0223725503421
0.0554839012708 0.00629398142705 0.0232346813294
0.0556779970674 0.0092895043987 0.0240968123167
0.0558720928641 0.0122850273704 0.024958943304
0.0560661886608 0.015280550342 0.0258210742913
0.0552272756599 0.0182743079178 0.0262719941349
0.0540600420333 0.0212675043987 0.0265922189638
0.0528928084067 0.0242607008796 0.0269124437928
0.0517255747801 0.0272538973606 0.0272326686217
0.0505583411535 0.0302470938415 0.0275528934506
0.0493911075269 0.0332402903225 0.0278731182796
0.047437451613 0.0357628651025 0.0277466158358
0.0452091720431 0.0381210957966 0.027464113392
0.0429808924732 0.0404793264906 0.0271816109482
0.0407526129033 0.0428375571847 0.0268991085044
0.0385243333334 0.0451957878787 0.0266166060606
0.0362960537635 0.0475540185727 0.0263341036168
0.0335876774195 0.0491015073313 0.0256435249267
0.0306958494625 0.050339200391 0.0247970146628
0.0278040215055 0.0515768934506 0.0239505043989
0.0249121935485 0.0528145865102 0.0231039941349
0.0220203655915 0.0540522795698 0.022257483871
0.0191285376345 0.0552899726295 0.0214109736071
0.0160931319649 0.0554810967742 0.0202503284458
0.0129979022484 0.0552361505376 0.0189587937439
0.0099026725319 0.0549912043011 0.0176672590421
0.00680744281538 0.0547462580645 0.0163757243402
0.00371221309886 0.054501311828 0.0150841896384
0.000616983382342 0.0542563655914 0.0137926549365
-0.00234512023448 0.0530178914957 0.0123405454546
-0.00524691886596 0.0513293577713 0.0108156969698
-0.00814871749743 0.049640824047 0.00929084848491
-0.0110505161289 0.0479522903227 0.00776600000007
-0.0139523147604 0.0462637565983 0.00624115151522
-0.0168541133919 0.044575222874 0.00471630303037
-0.0194702991201 0.0421641319649 0.00318922580652
-0.0219461837731 0.0393981006844 0.00166105376351
-0.0244220684261 0.0366320694038 0.000132881720496
-0.0268979530791 0.0338660381233 -0.00139529032251
-0.0293738377321 0.0311000068427 -0.00292346236553
-0.031849722385 0.0283339755622 -0.00445163440854
-0.0338207360703 0.025237222874 -0.00585654545449
-0.0355233949168 0.0219646813296 -0.00719593939388
-0.0372260537634 0.0186921397851 -0.00853533333328
-0.0389287126099 0.0154195982406 -0.00987472727267
-0.0406313714564 0.0121470566961 -0.0112141212121
-0.042334030303 0.00887451515166 -0.0125535151515
-0.0434467536657 0.00564187976554 -0.0136356304985
-0.0442208103616 0.00243215347033 -0.0145700488758
-0.0449948670576 -0.000777572824884 -0.0155044672531
-0.0457689237536 -0.00398729912009 -0.0164388856305
-0.0465429804496 -0.0071970254153 -0.0173733040078
-0.0473170371456 -0.0104067517105 -0.0183077223851
-0.0474975307918 -0.0132563167154 -0.0189909824047
-0.0473105806452 -0.0158829247311 -0.0195187634408
-0.0471236304985 -0.0185095327467 -0.020046544477
-0.0469366803519 -0.0211361407623 -0.0205743255132
-0.0467497302053 -0.023762748778 -0.0211021065493
-0.0465627800587 -0.0263893567936 -0.0216298875855
-0.0457753958945 -0.0285295953078 -0.0218337214076
-0.0445877223852 -0.0303455874877 -0.0218215904203
-0.0434000488759 -0.0321615796676 -0.021809459433
-0.0422123753666 -0.0339775718474 -0.0217973284457
-0.0410247018573 -0.0357935640273 -0.0217851974585
-0.039837028348 -0.0376095562072 -0.0217730664712
-0.0381177741936 -0.0388548709677 -0.0214507741936
-0.0360172854351 -0.0396909120234 -0.0209060430108
-0.0339167966765 -0.0405269530791 -0.020361311828
-0.031816307918 -0.0413629941349 -0.0198165806452
-0.0297158191594 -0.0421990351906 -0.0192718494624
-0.0276153304009 -0.0430350762463 -0.0187271182796
-0.0251156392963 -0.0433486070381 -0.0179652375367
-0.0223082297166 -0.0432593695015 -0.0170359706745
-0.019500820137 -0.0431701319648 -0.0161067038124
-0.0166934105573 -0.0430808944282 -0.0151774369502
-0.0138860009776 -0.0429916568915 -0.014248170088
-0.011078591398 -0.0429024193548 -0.0133189032258
-0.00804027272742 -0.0423936363637 -0.0121771818182
-0.00481077126114 -0.0415374877811 -0.0108595571848
-0.00158126979487 -0.0406813391985 -0.00954193255138
0.00164823167141 -0.0398251906159 -0.00822430791795
0.00487773313768 -0.0389690420333 -0.00690668328452
0.00810723460396 -0.0381128934507 -0.00558905865109
0.0113256510262 -0.0369524340177 -0.00417888269802
0.0145342140761 -0.0355214760509 -0.00268643890525
0.017742777126 -0.0340905180841 -0.00119399511248
0.0209513401758 -0.0326595601174 0.000298448680283
0.0241599032257 -0.0312286021506 0.00179089247305
0.0273684662755 -0.0297976441838 0.00328333626582
0.0302992756597 -0.0280727741936 0.00477586510257
0.0329651016617 -0.0260675053764 0.00626847507324
0.0356309276636 -0.0240622365592 0.00776108504392
0.0382967536656 -0.022056967742 0.00925369501459
0.0409625796675 -0.0200516989248 0.0107463049853
0.0436284056695 -0.0180464301076 0.0122389149559
0.0457627243401 -0.0157932668623 0.0136178005865
0.0473528807428 -0.0132863069405 0.0148802541544
0.0489430371456 -0.0107793470187 0.0161427077223
0.0505331935483 -0.00827238709689 0.0174051612903
0.0521233499511 -0.00576542717509 0.0186676148582
0.0537135063538 -0.00325846725329 0.0199300684261
0.054649170088 -0.000546038123304 0.0209972668621
0.0548656999022 0.00239215347005 0.0218499257087
0.0550822297165 0.0053303450634 0.0227025845552
0.0552987595308 0.00826853665675 0.0235552434017
0.0555152893451 0.0112067282501 0.0244079022482
0.0557318191593 0.0141449198435 0.0252605610948
0.0553256451613 0.0170820439881 0.0258651143695
0.0541850000001 0.0200179090908 0.026177030303
0.0530443548388 0.0229537741934 0.0264889462365
0.0519037096775 0.025889639296 0.0268008621701
0.0507630645162 0.0288255043987 0.0271127781036
0.0496224193549 0.0317613695013 0.0274246940371
0.0480159384165 0.0344201085043 0.0274761994135
0.0458193988271 0.0367278211143 0.0271978514174
0.0436228592376 0.0390355337242 0.0269195034213
0.0414263196482 0.0413432463342 0.0266411554252
0.0392297800588 0.0436509589442 0.0263628074291
0.0370332404693 0.0459586715541 0.0260844594331
0.0345530645163 0.0478065131964 0.0255673079179
0.0316868279571 0.0490284193548 0.0247251182796
0.028820591398 0.0502503255131 0.0238829286413
0.0259543548388 0.0514722316715 0.023040739003
0.0230881182797 0.0526941378299 0.0221985493647
0.0202218817206 0.0539160439882 0.0213563597263
0.0172699178887 0.0545488533724 0.020341366569
0.0141924692084 0.0543193616813 0.0190734291301
0.011115020528 0.0540898699902 0.0178054916912
0.00803757184766 0.0538603782991 0.0165375542523
0.0049601231673 0.053630886608 0.0152696168134
0.00188267448695 0.0534013949169 0.0140016793745
-0.00112690322567 0.0526208709678 0.0126418709678
-0.00402953274668 0.0509720537635 0.0111372961878
-0.0069321622677 0.0493232365592 0.0096327214077
-0.00983479178872 0.0476744193549 0.00812814662764
-0.0127374213097 0.0460256021506 0.00662357184758
-0.0156400508307 0.0443767849463 0.00511899706752
-0.0183850879764 0.0423377741937 0.00361337536664
-0.0208624682306 0.0396360537636 0.00210597556215
-0.0233398484847 0.0369343333335 0.000598575757649
-0.0258172287389 0.0342326129034 -0.000908824046847
-0.028294608993 0.0315308924733 -0.00241622385134
-0.0307719892472 0.0288291720431 -0.00392362365584
-0.0329794574779 0.0259489178887 -0.00536551026386
-0.0346920869989 0.0227413519063 -0.006687289345
-0.03640471652 0.0195337859239 -0.00800906842613
-0.038117346041 0.0163262199415 -0.00933084750727
-0.039829975562 0.0131186539591 -0.0106526265884
-0.041542605083 0.0099110879767 -0.0119744056695
-0.042943489736 0.00672263343124 -0.0131603431085
-0.0437263538612 0.00357206647132 -0.0140769804496
-0.0445092179863 0.000421499511398 -0.0149936177908
-0.0452920821114 -0.00272906744852 -0.0159102551319
-0.0460749462365 -0.00587963440845 -0.0168268924731
-0.0468578103616 -0.00903020136837 -0.0177435298142
-0.0473365747801 -0.0120047800585 -0.0185342199413
-0.0471620879765 -0.0146013098728 -0.0190543567937
-0.046987601173 -0.0171978396871 -0.0195744936461
-0.0468131143695 -0.0197943695013 -0.0200946304985
-0.046638627566 -0.0223908993156 -0.0206147673509
-0.0464641407625 -0.0249874291299 -0.0211349042033
-0.04598913783 -0.0273441642228 -0.0214946627566
-0.0448129305963 -0.029141378299 -0.0214802052786
-0.0436367233627 -0.0309385923753 -0.0214657478006
-0.0424605161291 -0.0327358064515 -0.0214512903226
-0.0412843088955 -0.0345330205278 -0.0214368328446
-0.0401081016618 -0.036330234604 -0.0214223753666
-0.0386743460412 -0.0378621114369 -0.0212592727273
-0.0365859882699 -0.0387195894428 -0.0207183636364
-0.0344976304986 -0.0395770674486 -0.0201774545455
-0.0324092727274 -0.0404345454545 -0.0196365454546
-0.0303209149561 -0.0412920234604 -0.0190956363637
-0.0282325571849 -0.0421495014662 -0.0185547272728
-0.025957249267 -0.0427616568915 -0.0179144486804
-0.0231626353863 -0.0426923607038 -0.0169981436951
-0.0203680215055 -0.0426230645161 -0.0160818387097
-0.0175734076248 -0.0425537683284 -0.0151655337244
-0.014778793744 -0.0424844721408 -0.014249228739
-0.0119841798633 -0.0424151759531 -0.0133329237537
-0.00908512023477 -0.0421553812317 -0.0123214926687
-0.00586774975579 -0.0413150195504 -0.0110201534703
-0.0026503792768 -0.0404746578691 -0.00971881427182
0.000566991202181 -0.0396342961877 -0.00841747507338
0.00378436168116 -0.0387939345064 -0.00711613587494
0.00700173216015 -0.0379535728251 -0.00581479667651
0.0102138797652 -0.0369816862171 -0.00447445747808
0.0134084838708 -0.0355680107528 -0.00300311827965
0.0166030879764 -0.0341543352884 -0.00153177908121
0.0197976920819 -0.0327406598241 -6.04398827737e-05
0.0229922961875 -0.0313269843598 0.00141089931566
0.0261869002931 -0.0299133088955 0.0028822385141
0.0292676627565 -0.0283790703813 0.00435329618761
0.0319246813293 -0.0263960694038 0.00582330596278
0.0345816999021 -0.0244130684263 0.00729331573795
0.0372387184749 -0.0224300674488 0.00876332551312
0.0398957370478 -0.0204470664713 0.0102333352883
0.0425527556206 -0.0184640654937 0.0117033450635
0.0450018387096 -0.0163840967743 0.0131277741935
0.0465876744867 -0.013901565005 0.0143629745845
0.0481735102638 -0.0114190332357 0.0155981749755
0.049759346041 -0.00893650146641 0.0168333753665
0.0513451818181 -0.0064539696971 0.0180685757575
0.0529310175952 -0.00397143792779 0.0193037761485
0.0542767947214 -0.00141494721423 0.0204691231671
0.0545022981427 0.00148668523934 0.021308487781
0.054727801564 0.00438831769291 0.0221478523949
0.0549533049853 0.00728995014648 0.0229872170088
0.0551788084066 0.0101915826 0.0238265816226
0.0554043118279 0.0130932150536 0.0246659462365
0.0554145014663 0.0159937126098 0.0254198504399
0.0542843255133 0.0188881994133 0.0257211309873
0.0531541495602 0.0217826862169 0.0260224115347
0.0520239736071 0.0246771730204 0.0263236920821
0.050893797654 0.0275716598239 0.0266249726295
0.0497636217009 0.0304661466274 0.0269262531769
0.04848613783 0.0332719999999 0.0271460322581
0.0463125307919 0.0355386666665 0.0268700107527
0.0441389237538 0.0378053333332 0.0265939892473
0.0419653167157 0.0400719999999 0.026317967742
0.0397917096775 0.0423386666665 0.0260419462366
0.0376181026394 0.0446053333332 0.0257659247312
0.0353611935485 0.0467399853372 0.0254209706745
0.0325132365593 0.0479379618768 0.0245869237537
0.02966527957 0.0491359384164 0.0237528768329
0.0268173225808 0.0503339149559 0.0229188299121
0.0239693655915 0.0515318914955 0.0220847829912
0.0211214086023 0.0527298680351 0.0212507360704
0.0182510175955 0.0537756451613 0.0203737038124
0.0151911837734 0.0535361827957 0.019133684262
0.0121313499513 0.0532967204301 0.0178936647117
0.0090715161292 0.0530572580645 0.0166536451614
0.00601168230711 0.0528177956989 0.015413625611
0.00295184848501 0.0525783333333 0.0141736060607
-9.32052784363e-05 0.0522172580646 0.0129125161291
-0.00298553176915 0.0505995161291 0.0114336989248
-0.00587785825986 0.0489817741936 0.00995488172051
-0.00877018475058 0.0473640322582 0.00847606451621
-0.0116625112413 0.0457462903227 0.00699724731191
-0.014554837732 0.0441285483872 0.00551843010761
-0.0174169354837 0.0424373167157 0.0040393782992
-0.0198810215052 0.0397784701859 0.00255723753674
-0.0223451075267 0.0371196236561 0.00107509677427
-0.0248091935483 0.0344607771262 -0.000407043988189
-0.0272732795698 0.0318019305964 -0.00188918475065
-0.0297373655913 0.0291430840666 -0.00337132551312
-0.0321618093841 0.0264577302055 -0.00484393841635
-0.0338770977516 0.0232981896385 -0.00614610850433
-0.0355923861192 0.0201386490715 -0.0074482785923
-0.0373076744867 0.0169791085046 -0.00875044868028
-0.0390229628543 0.0138195679376 -0.0100526187683
-0.0407382512218 0.0106600273707 -0.0113547888562
-0.0424208005865 0.00750259824064 -0.0126427653958
-0.0432084838709 0.0044028817206 -0.0135427849462
-0.0439961671554 0.00130316520056 -0.0144428044965
-0.0447838504398 -0.00179655131948 -0.0153428240469
-0.0455715337243 -0.00489626783952 -0.0162428435972
-0.0463592170088 -0.00799598435956 -0.0171428631476
-0.0471301906158 -0.0110861407623 -0.0180360879765
-0.0469709921799 -0.0136441173019 -0.0185510733138
-0.0468117937439 -0.0162020938415 -0.019066058651
-0.0466525953079 -0.0187600703811 -0.0195810439882
-0.046493396872 -0.0213180469207 -0.0200960293255
-0.046334198436 -0.0238760234603 -0.0206110146627
-0.046175 -0.0264339999999 -0.021126
