   0.00000000  0.00000000  0.00000000
   0.00305176  0.00000000  0.00000000
   0.00610352  0.00000000  0.00000000
   0.00915527  0.00000000  0.00000000
   0.01220703  0.00000000  0.00000000
   0.01525879  0.00000000  0.00000000
   0.01831055  0.00000000  0.00000000
   0.02136230  0.00000000  0.00000000
   0.02441406  0.00000000  0.00000000
   0.02746582  0.00051298  0.00049898
   0.03051758  0.01111729  0.01405892
   0.03356934  0.03196748  0.04091014
   0.03662109  0.06569763  0.08829598
   0.03967285  0.11270291  0.15654741
   0.04272461  0.17960976  0.25010234
   0.04577637  0.26662290  0.36914900
   0.04882813  0.38141695  0.51485348
   0.05187988  0.52413505  0.68726450
   0.05493164  0.70222569  0.90192193
   0.05798340  0.88696772  1.12118173
   0.06103516  1.11105108  1.36028290
   0.06408691  1.36697721  1.59807408
   0.06713867  1.65482199  1.84278321
   0.07019043  1.95480371  2.08123302
   0.07324219  2.27558184  2.32387781
   0.07629395  2.59424257  2.56744099
   0.07934570  2.91154146  2.81335497
   0.08239746  3.20230842  3.01215672
   0.08544922  3.50165796  3.20291471
   0.08850098  3.71119022  3.33913255
   0.09155273  3.93875837  3.54548192
   0.09460449  4.18321133  3.79692745
   0.09765625  4.50597000  4.13686943
   0.10070801  4.88015699  4.53326607
   0.10375977  5.33133507  4.99649000
   0.10681152  5.85685444  5.52249098
   0.10986328  6.48504925  6.16211033
   0.11291504  7.18758059  6.89898920
   0.11596680  8.06263256  7.78142118
   0.11901855  8.80532169  8.49007034
   0.12207031  9.41708755  9.05961418
   0.12512207  9.76612759  9.39487934
   0.12817383  9.89247513  9.53820610
   0.13122559  9.78034115  9.46648216
   0.13427734  9.44245529  9.18690491
   0.13732910  8.86300278  8.68104362
   0.14038086  8.06253433  7.95334196
   0.14343262  7.00808144  6.98237038
   0.14648438  6.01119709  6.09048176
   0.14953613  5.06830788  5.23672962
   0.15258789  4.31945705  4.52899742
   0.15563965  3.71731663  3.92542219
   0.15869141  3.50151038  3.58948350
   0.16174316  3.64182329  3.50984693
   0.16479492  4.29908562  3.73155212
   0.16784668  5.46176291  4.25065231
   0.17089844  7.14365196  5.08608818
   0.17395020  9.21969318  6.10595846
   0.17700195 11.92976856  7.47665405
   0.18005371 15.19044304  9.11733723
   0.18310547 19.58661270 11.34659958
   0.18615723 24.42213440 13.73445988
   0.18920898 30.04108047 16.46562386
   0.19226074 35.97945786 19.40956116
   0.19531250 42.41717911 22.63405991
   0.19836426 49.31410217 26.09913445
   0.20141602 56.84309769 29.91829491
   0.20446777 64.29680634 33.68509293
   0.20751953 71.85892487 37.51756287
   0.21057129 77.87506104 40.54459763
   0.21362305 83.18611908 43.25686646
   0.21667480 86.83393860 45.12636566
   0.21972656 89.41000366 46.34550858
   0.22277832 90.38545227 46.71717834
   0.22583008 89.87493896 46.30387497
   0.22888184 87.41876984 44.83695221
   0.23193359 83.86761475 42.75616837
   0.23498535 78.77371979 39.84001923
   0.23803711 74.14130402 37.07329178
   0.24108887 69.29414368 34.10822296
   0.24414062 65.40919495 31.55280495
   0.24719238 61.94348907 29.17455673
   0.25024414 59.58192825 27.21776772
   0.25329590 58.08878708 25.59629059
   0.25634766 58.09465790 24.62232208
   0.25939941 58.92987823 24.02805138
   0.26245117 61.19089127 24.05430412
   0.26550293 63.24374771 24.03896523
   0.26855469 65.84069824 24.28338814
   0.27160645 67.98577881 24.36327934
   0.27465820 70.31215668 24.57467461
   0.27770996 72.17572021 24.71009064
   0.28076172 73.91310120 24.90280151
   0.28381348 74.84246826 24.90932465
   0.28686523 75.50308990 24.90424347
   0.28991699 75.27133179 24.71243668
   0.29296875 75.24786377 24.71997452
   0.29602051 74.36505890 24.57644463
   0.29907227 73.33210754 24.55108643
   0.30212402 71.28722382 24.26331902
   0.30517578 68.72544861 23.87467957
   0.30822754 65.22562408 23.18039703
   0.31127930 61.37733841 22.34364891
   0.31433105 56.71712494 21.20321655
   0.31738281 51.86152649 19.89347649
   0.32043457 46.40788651 18.26040459
   0.32348633 41.48246765 16.62633514
   0.32653809 36.76700974 14.84979630
   0.32958984 33.03785324 13.25202465
   0.33264160 30.05644417 11.72660542
   0.33569336 28.21438789 10.46221733
   0.33874512 27.15706635  9.38689899
   0.34179688 27.28260422  8.63448906
   0.34484863 28.01411438  8.08730793
   0.34790039 29.44290543  7.81529427
   0.35095215 30.64308739  7.60192871
   0.35400391 31.73397827  7.52007961
   0.35705566 32.33802795  7.44959497
   0.36010742 32.57233810  7.45442295
   0.36315918 32.19210815  7.44949913
   0.36621094 31.42053223  7.45986843
   0.36926270 29.91864967  7.39399624
   0.37231445 28.12926483  7.35222816
   0.37536621 25.88354492  7.19868279
   0.37841797 23.80435562  7.06709003
   0.38146973 21.77891731  6.89172411
   0.38452148 20.09682846  6.71232367
   0.38757324 18.62660980  6.49327612
   0.39062500 17.57248497  6.26093149
   0.39367676 16.73940277  5.99403954
   0.39672852 16.42490578  5.75660324
   0.39978027 16.41408920  5.46608067
   0.40283203 16.86783600  5.28730440
   0.40588379 17.56372070  5.14589310
   0.40893555 18.59862518  5.09694958
   0.41198730 19.46147346  5.06232882
   0.41503906 20.26171494  5.06037617
   0.41809082 20.73120689  5.07982445
   0.42114258 21.06097412  5.15557575
   0.42419434 20.97804451  5.23681545
   0.42724609 20.56759071  5.38606167
   0.43029785 19.76422119  5.44820499
   0.43334961 18.69249725  5.46166801
   0.43640137 17.28131866  5.38719416
   0.43945312 16.03945351  5.30867386
   0.44250488 14.91624832  5.21529150
   0.44555664 14.15015030  5.11250401
   0.44860840 13.52765369  4.93364096
   0.45166016 13.33862209  4.72240639
   0.45471191 13.53104115  4.43777370
   0.45776367 14.21131516  4.20961046
   0.46081543 15.05517101  4.01177692
   0.46386719 16.17532921  3.88476396
   0.46691895 17.28668976  3.77047777
   0.46997070 18.41951752  3.68870544
   0.47302246 19.45105743  3.62919140
   0.47607422 20.55040741  3.65353894
   0.47912598 21.36206818  3.71841550
   0.48217773 21.91156387  3.84669757
   0.48522949 21.91234589  3.94847441
   0.48828125 21.68104935  4.03865862
   0.49133301 20.99577141  4.05797243
   0.49438477 19.98709106  4.04001236
   0.49743652 18.60521126  3.93855929
   0.50048828 16.90194702  3.76344776
   0.50354004 14.82167530  3.49467778
   0.50659180 12.65876579  3.16474533
   0.50964355 10.40565205  2.76611519
   0.51269531  8.34581566  2.35130477
   0.51574707  6.37477875  1.91567373
   0.51879883  4.69991875  1.51071560
   0.52185059  3.27783942  1.12587905
   0.52490234  2.15433860  0.80606472
   0.52795410  1.31130099  0.54790139
   0.53100586  0.74807882  0.35107815
   0.53405762  0.36569098  0.20472182
   0.53710938  0.16364715  0.10873425
   0.54016113  0.04715520  0.04558955
   0.54321289  0.01565298  0.01506971
   0.54626465  0.00000000  0.00000000
   0.54931641  0.00000000  0.00000000
   0.55236816  0.00000000  0.00000000
   0.55541992  0.00000000  0.00000000
   0.55847168  0.00000000  0.00000000
   0.56152344  0.00000000  0.00000000
   0.56457520  0.00000000  0.00000000
   0.56762695  0.00000000  0.00000000
   0.57067871  0.00000000  0.00000000
   0.57373047  0.00000000  0.00000000
   0.57678223  0.00000000  0.00000000
   0.57983398  0.00000000  0.00000000
   0.58288574  0.00000000  0.00000000
   0.58593750  0.00000000  0.00000000
   0.58898926  0.00000000  0.00000000
   0.59204102  0.00000000  0.00000000
   0.59509277  0.00000000  0.00000000
   0.59814453  0.00000000  0.00000000
   0.60119629  0.00000000  0.00000000
   0.60424805  0.00000000  0.00000000
   0.60729980  0.00000000  0.00000000
   0.61035156  0.00000000  0.00000000
   0.61340332  0.00000000  0.00000000
   0.61645508  0.00000000  0.00000000
   0.61950684  0.00000000  0.00000000
   0.62255859  0.00000000  0.00000000
   0.62561035  0.00000000  0.00000000
   0.62866211  0.00000000  0.00000000
   0.63171387  0.00000000  0.00000000
   0.63476562  0.00000000  0.00000000
   0.63781738  0.00000000  0.00000000
   0.64086914  0.00000000  0.00000000
   0.64392090  0.00000000  0.00000000
   0.64697266  0.00000000  0.00000000
   0.65002441  0.00000000  0.00000000
   0.65307617  0.00000000  0.00000000
   0.65612793  0.00000000  0.00000000
   0.65917969  0.00000000  0.00000000
   0.66223145  0.00000000  0.00000000
   0.66528320  0.00000000  0.00000000
   0.66833496  0.00000000  0.00000000
   0.67138672  0.00000000  0.00000000
   0.67443848  0.00000000  0.00000000
   0.67749023  0.00000000  0.00000000
   0.68054199  0.00000000  0.00000000
   0.68359375  0.00000000  0.00000000
   0.68664551  0.00000000  0.00000000
   0.68969727  0.00000000  0.00000000
   0.69274902  0.00000000  0.00000000
   0.69580078  0.00000000  0.00000000
   0.69885254  0.00000000  0.00000000
   0.70190430  0.00000000  0.00000000
   0.70495605  0.00000000  0.00000000
   0.70800781  0.00000000  0.00000000
   0.71105957  0.00000000  0.00000000
   0.71411133  0.00000000  0.00000000
   0.71716309  0.00000000  0.00000000
   0.72021484  0.00000000  0.00000000
   0.72326660  0.00000000  0.00000000
   0.72631836  0.00000000  0.00000000
   0.72937012  0.00000000  0.00000000
   0.73242188  0.00000000  0.00000000
   0.73547363  0.00000000  0.00000000
   0.73852539  0.00000000  0.00000000
   0.74157715  0.00000000  0.00000000
   0.74462891  0.00000000  0.00000000
   0.74768066  0.00000000  0.00000000
   0.75073242  0.00000000  0.00000000
   0.75378418  0.00000000  0.00000000
   0.75683594  0.00000000  0.00000000
   0.75988770  0.00000000  0.00000000
   0.76293945  0.00000000  0.00000000
   0.76599121  0.00000000  0.00000000
   0.76904297  0.00000000  0.00000000
   0.77209473  0.00000000  0.00000000
   0.77514648  0.00000000  0.00000000
   0.77819824  0.00000000  0.00000000
   0.78125000  0.00000000  0.00000000
   0.78430176  0.00000000  0.00000000
   0.78735352  0.00000000  0.00000000
   0.79040527  0.00000000  0.00000000
   0.79345703  0.00000000  0.00000000
   0.79650879  0.00000000  0.00000000
   0.79956055  0.00000000  0.00000000
   0.80261230  0.00000000  0.00000000
   0.80566406  0.00000000  0.00000000
   0.80871582  0.00000000  0.00000000
   0.81176758  0.00000000  0.00000000
   0.81481934  0.00000000  0.00000000
   0.81787109  0.00000000  0.00000000
   0.82092285  0.00000000  0.00000000
   0.82397461  0.00000000  0.00000000
   0.82702637  0.00000000  0.00000000
   0.83007812  0.00000000  0.00000000
   0.83312988  0.00000000  0.00000000
   0.83618164  0.00000000  0.00000000
   0.83923340  0.00000000  0.00000000
   0.84228516  0.00000000  0.00000000
   0.84533691  0.00000000  0.00000000
   0.84838867  0.00000000  0.00000000
   0.85144043  0.00000000  0.00000000
   0.85449219  0.00000000  0.00000000
   0.85754395  0.00000000  0.00000000
   0.86059570  0.00000000  0.00000000
   0.86364746  0.00000000  0.00000000
   0.86669922  0.00000000  0.00000000
   0.86975098  0.00000000  0.00000000
   0.87280273  0.00000000  0.00000000
   0.87585449  0.00000000  0.00000000
   0.87890625  0.00000000  0.00000000
   0.88195801  0.00000000  0.00000000
   0.88500977  0.00000000  0.00000000
   0.88806152  0.00000000  0.00000000
   0.89111328  0.00000000  0.00000000
   0.89416504  0.00000000  0.00000000
   0.89721680  0.00000000  0.00000000
   0.90026855  0.00000000  0.00000000
   0.90332031  0.00000000  0.00000000
   0.90637207  0.00000000  0.00000000
   0.90942383  0.00000000  0.00000000
   0.91247559  0.00000000  0.00000000
   0.91552734  0.00000000  0.00000000
   0.91857910  0.00000000  0.00000000
   0.92163086  0.00000000  0.00000000
   0.92468262  0.00000000  0.00000000
   0.92773438  0.00000000  0.00000000
   0.93078613  0.00000000  0.00000000
   0.93383789  0.00000000  0.00000000
   0.93688965  0.00000000  0.00000000
   0.93994141  0.00000000  0.00000000
   0.94299316  0.00000000  0.00000000
   0.94604492  0.00000000  0.00000000
   0.94909668  0.00000000  0.00000000
   0.95214844  0.00000000  0.00000000
   0.95520020  0.00000000  0.00000000
   0.95825195  0.00000000  0.00000000
   0.96130371  0.00000000  0.00000000
   0.96435547  0.00000000  0.00000000
   0.96740723  0.00000000  0.00000000
   0.97045898  0.00000000  0.00000000
   0.97351074  0.00000000  0.00000000
   0.97656250  0.00000000  0.00000000
   0.97961426  0.00000000  0.00000000
   0.98266602  0.00000000  0.00000000
   0.98571777  0.00000000  0.00000000
   0.98876953  0.00000000  0.00000000
   0.99182129  0.00000000  0.00000000
   0.99487305  0.00000000  0.00000000
   0.99792480  0.00000000  0.00000000
   1.00097656  0.00000000  0.00000000
   1.00402832  0.00000000  0.00000000
   1.00708008  0.00000000  0.00000000
   1.01013184  0.00000000  0.00000000
   1.01318359  0.00000000  0.00000000
   1.01623535  0.00000000  0.00000000
