   0.00000000  0.00000000  0.00000000
   0.00305176  0.00000000  0.00000000
   0.00610352  0.03202173  0.02639767
   0.00915527  0.09634677  0.07944518
   0.01220703  0.19356966  0.15925409
   0.01525879  0.32418618  0.26594570
   0.01831055  0.51701719  0.40851310
   0.02136230  0.77245402  0.58702004
   0.02441406  1.09237289  0.80155557
   0.02746582  1.47706115  1.05223227
   0.03051758  1.93295348  1.34368479
   0.03356934  2.36425138  1.59690785
   0.03662109  2.77159095  1.81148446
   0.03967285  3.15336275  1.98729515
   0.04272461  3.50902081  2.12434745
   0.04577637  3.75214720  2.19570327
   0.04882813  3.88282132  2.20167017
   0.05187988  3.89547062  2.14200687
   0.05493164  3.81560636  2.03279901
   0.05798340  3.62405562  1.86019754
   0.06103516  3.44488859  1.72274482
   0.06408691  3.27481794  1.62046635
   0.06713867  3.12293911  1.56078410
   0.07019043  2.98795605  1.54300809
   0.07324219  2.97364998  1.61092234
   0.07629395  3.07755351  1.76337516
   0.07934570  3.30682588  2.00262189
   0.08239746  3.58340454  2.27996421
   0.08544922  3.93129897  2.61428976
   0.08850098  4.23358393  2.92094755
   0.09155273  4.63415289  3.34042358
   0.09460449  5.11147499  3.85218477
   0.09765625  5.71120358  4.49439335
   0.10070801  6.35267830  5.20778608
   0.10375977  7.04359770  5.99857187
   0.10681152  7.77747250  6.86086941
   0.10986328  8.63346291  7.84484768
   0.11291504  9.59055710  8.93084526
   0.11596680 10.73391342 10.17742538
   0.11901855 11.64103603 11.16338253
   0.12207031 12.33287811 11.91103458
   0.12512207 12.67833233 12.30819607
   0.12817383 12.72981453 12.40569019
   0.13122559 12.47238064 12.18780136
   0.13427734 11.91112423 11.65980721
   0.13732910 11.01753616 10.80086803
   0.14038086  9.80599403  9.62563992
   0.14343262  8.24638653  8.11180210
   0.14648438  6.76135826  6.68085480
   0.14953613  5.33799553  5.31452990
   0.15258789  4.10658455  4.12586546
   0.15563965  3.04713273  3.09555674
   0.15869141  2.18559217  2.29389477
   0.16174316  1.51843536  1.72002006
   0.16479492  1.06747460  1.42891645
   0.16784668  0.82873720  1.41706681
   0.17089844  0.80538201  1.68942225
   0.17395020  0.85430658  2.10612798
   0.17700195  1.06048524  2.78812313
   0.18005371  1.38123536  3.69637966
   0.18310547  2.03602719  5.14065266
   0.18615723  2.98465252  6.95261288
   0.18920898  4.36508608  9.39718819
   0.19226074  6.11881351 12.32276440
   0.19531250  8.32158470 15.88057327
   0.19836426 10.97101212 20.06645584
   0.20141602 14.16377926 25.05706215
   0.20446777 17.66900063 30.52811432
   0.20751953 21.60367775 36.62075043
   0.21057129 25.31910324 42.41521454
   0.21362305 28.96942139 48.22663879
   0.21667480 32.14700317 53.25764465
   0.21972656 35.04325867 57.76338196
   0.22277832 37.42730331 61.28395462
   0.22583008 39.36378479 63.87519073
   0.22888184 40.56761932 65.00241089
   0.23193359 41.38959885 65.06473541
   0.23498535 41.47441101 63.63785934
   0.23803711 41.66618729 61.72131348
   0.24108887 41.59602356 58.80078125
   0.24414062 41.79578400 55.72579575
   0.24719238 41.84397888 52.12919998
   0.25024414 42.00606155 48.48576355
   0.25329590 42.09128189 44.63471222
   0.25634766 42.39580536 41.12923431
   0.25939941 42.47193146 37.62078857
   0.26245117 42.69985580 34.55809784
   0.26550293 42.27006149 31.38648796
   0.26855469 41.58441162 28.62619400
   0.27160645 40.13087082 25.85509300
   0.27465820 38.37662888 23.48624611
   0.27770996 36.14372253 21.32634354
   0.28076172 33.68882370 19.61006927
   0.28381348 30.88220978 18.10729218
   0.28686523 28.23574066 17.20398903
   0.28991699 25.55799294 16.69034767
   0.29296875 23.48757553 16.85953331
   0.29602051 21.77159691 17.38225365
   0.29907227 20.90346336 18.53022003
   0.30212402 20.55665016 19.91336823
   0.30517578 20.95930481 21.69606400
   0.30822754 21.85025787 23.60167503
   0.31127930 23.44542122 25.86126518
   0.31433105 25.20480919 27.96713638
   0.31738281 27.85304260 30.65061760
   0.32043457 31.06221199 33.70219040
   0.32348633 34.96571732 37.29588318
   0.32653809 39.08901215 41.03477478
   0.32958984 43.62171936 45.19985199
   0.33264160 48.14738083 49.40230942
   0.33569336 52.86142349 53.86330032
   0.33874512 57.21009827 58.02635193
   0.34179688 61.60417938 62.31272888
   0.34484863 64.06549072 64.70796967
   0.34790039 64.72299957 65.33712769
   0.35095215 63.53320312 64.14342499
   0.35400391 60.84474182 61.47129440
   0.35705566 56.59706879 57.23000717
   0.36010742 51.17313766 51.79535294
   0.36315918 44.51007843 45.09593964
   0.36621094 37.14975357 37.67126083
   0.36926270 28.96033096 29.38634872
   0.37231445 21.89530563 22.23328400
   0.37536621 15.91168880 16.17036629
   0.37841797 11.00887108 11.19693851
   0.38146973  7.07063675  7.19817543
   0.38452148  4.09563017  4.17261171
   0.38757324  1.95620346  1.99497521
   0.39062500  0.65120906  0.66407079
   0.39367676  0.00000000  0.00000000
   0.39672852  0.00000000  0.00000000
   0.39978027  0.00000000  0.00000000
   0.40283203  0.00000000  0.00000000
   0.40588379  0.00000000  0.00000000
   0.40893555  0.00000000  0.00000000
   0.41198730  0.00000000  0.00000000
   0.41503906  0.00000000  0.00000000
   0.41809082  0.00000000  0.00000000
   0.42114258  0.00000000  0.00000000
   0.42419434  0.00000000  0.00000000
   0.42724609  0.00000000  0.00000000
   0.43029785  0.00000000  0.00000000
   0.43334961  0.00000000  0.00000000
   0.43640137  0.00000000  0.00000000
   0.43945312  0.00000000  0.00000000
   0.44250488  0.00000000  0.00000000
   0.44555664  0.00000000  0.00000000
   0.44860840  0.00000000  0.00000000
   0.45166016  0.00000000  0.00000000
   0.45471191  0.00000000  0.00000000
   0.45776367  0.00000000  0.00000000
   0.46081543  0.00000000  0.00000000
   0.46386719  0.00000000  0.00000000
   0.46691895  0.00000000  0.00000000
   0.46997070  0.00000000  0.00000000
   0.47302246  0.00000000  0.00000000
   0.47607422  0.00000000  0.00000000
   0.47912598  0.00000000  0.00000000
   0.48217773  0.00000000  0.00000000
   0.48522949  0.00000000  0.00000000
   0.48828125  0.00000000  0.00000000
   0.49133301  0.00000000  0.00000000
   0.49438477  0.00000000  0.00000000
   0.49743652  0.00000000  0.00000000
   0.50048828  0.00000000  0.00000000
   0.50354004  0.00000000  0.00000000
   0.50659180  0.00000000  0.00000000
   0.50964355  0.00000000  0.00000000
   0.51269531  0.00000000  0.00000000
   0.51574707  0.00000000  0.00000000
   0.51879883  0.00000000  0.00000000
   0.52185059  0.00000000  0.00000000
   0.52490234  0.00000000  0.00000000
   0.52795410  0.00000000  0.00000000
   0.53100586  0.00000000  0.00000000
   0.53405762  0.00000000  0.00000000
   0.53710938  0.00000000  0.00000000
   0.54016113  0.00000000  0.00000000
   0.54321289  0.00000000  0.00000000
   0.54626465  0.00000000  0.00000000
   0.54931641  0.00000000  0.00000000
   0.55236816  0.00000000  0.00000000
   0.55541992  0.00000000  0.00000000
   0.55847168  0.00000000  0.00000000
   0.56152344  0.00000000  0.00000000
   0.56457520  0.00000000  0.00000000
   0.56762695  0.00000000  0.00000000
   0.57067871  0.00000000  0.00000000
   0.57373047  0.00000000  0.00000000
   0.57678223  0.00000000  0.00000000
   0.57983398  0.00000000  0.00000000
   0.58288574  0.00000000  0.00000000
   0.58593750  0.00000000  0.00000000
   0.58898926  0.00000000  0.00000000
   0.59204102  0.00000000  0.00000000
   0.59509277  0.00000000  0.00000000
   0.59814453  0.00000000  0.00000000
   0.60119629  0.00000000  0.00000000
   0.60424805  0.00000000  0.00000000
   0.60729980  0.00000000  0.00000000
   0.61035156  0.00000000  0.00000000
   0.61340332  0.00000000  0.00000000
   0.61645508  0.00000000  0.00000000
   0.61950684  0.00000000  0.00000000
   0.62255859  0.00000000  0.00000000
   0.62561035  0.00000000  0.00000000
   0.62866211  0.00000000  0.00000000
   0.63171387  0.00000000  0.00000000
   0.63476562  0.00000000  0.00000000
   0.63781738  0.00000000  0.00000000
   0.64086914  0.00000000  0.00000000
   0.64392090  0.00000000  0.00000000
   0.64697266  0.00000000  0.00000000
   0.65002441  0.00000000  0.00000000
   0.65307617  0.00000000  0.00000000
   0.65612793  0.00000000  0.00000000
   0.65917969  0.00000000  0.00000000
   0.66223145  0.00000000  0.00000000
   0.66528320  0.00000000  0.00000000
   0.66833496  0.00000000  0.00000000
   0.67138672  0.00000000  0.00000000
   0.67443848  0.00000000  0.00000000
   0.67749023  0.00000000  0.00000000
   0.68054199  0.00000000  0.00000000
   0.68359375  0.00000000  0.00000000
   0.68664551  0.00000000  0.00000000
   0.68969727  0.00000000  0.00000000
   0.69274902  0.00000000  0.00000000
   0.69580078  0.00000000  0.00000000
   0.69885254  0.00000000  0.00000000
   0.70190430  0.00000000  0.00000000
   0.70495605  0.00355797  0.00293307
   0.70800781  0.01426317  0.01176032
