0  10.2556
0.12  10.2535
0.24  10.2471
0.36  10.2366
0.48  10.2221
0.6  10.204
0.72  10.1826
0.84  10.1583
0.96  10.1316
1.08  10.1028
1.2  10.0727
1.32  10.0416
1.44  10.0101
1.56  9.9787
1.68  9.9479
1.8  9.91818
1.92  9.88995
2.04  9.86364
2.16  9.83959
2.28  9.81811
2.4  9.79949
2.52  9.78395
2.64  9.77167
2.76  9.7628
2.88  9.75744
3  9.75565
3.12  9.75744
3.24  9.7628
3.36  9.77167
3.48  9.78395
3.6  9.79949
3.72  9.81811
3.84  9.83959
3.96  9.86364
4.08  9.88995
4.2  9.91818
4.32  9.9479
4.44  9.9787
4.56  10.0101
4.68  10.0416
4.8  10.0727
4.92  10.1028
5.04  10.1316
5.16  10.1583
5.28  10.1826
5.4  10.204
5.52  10.2221
5.64  10.2366
5.76  10.2471
5.88  10.2535
6  10.2556
6.12  10.2535
6.24  10.2471
6.36  10.2366
6.48  10.2221
6.6  10.204
6.72  10.1826
6.84  10.1583
6.96  10.1316
7.08  10.1028
7.2  10.0727
7.32  10.0416
7.44  10.0101
7.56  9.9787
7.68  9.9479
7.8  9.91818
7.92  9.88995
8.04  9.86364
8.16  9.83959
8.28  9.81811
8.4  9.79949
8.52  9.78395
8.64  9.77167
8.76  9.7628
8.88  9.75744
9  9.75565
9.12  9.75744
9.24  9.7628
9.36  9.77167
9.48  9.78395
9.6  9.79949
9.72  9.81811
9.84  9.83959
9.96  9.86364
10.08  9.88995
10.2  9.91818
10.32  9.9479
10.44  9.9787
10.56  10.0101
10.68  10.0416
10.8  10.0727
10.92  10.1028
11.04  10.1316
11.16  10.1583
11.28  10.1826
11.4  10.204
11.52  10.2221
11.64  10.2366
11.76  10.2471
11.88  10.2535
12  10.2556
12.12  10.2535
12.24  10.2471
12.36  10.2366
12.48  10.2221
12.6  10.204
12.72  10.1826
12.84  10.1583
12.96  10.1316
13.08  10.1028
13.2  10.0727
13.32  10.0416
13.44  10.0101
13.56  9.9787
13.68  9.9479
13.8  9.91818
13.92  9.88995
14.04  9.86364
14.16  9.83959
14.28  9.81811
14.4  9.79949
14.52  9.78395
14.64  9.77167
14.76  9.7628
14.88  9.75744
15  9.75565
15.12  9.75744
15.24  9.7628
15.36  9.77167
15.48  9.78395
15.6  9.79949
15.72  9.81811
15.84  9.83959
15.96  9.86364
16.08  9.88995
16.2  9.91818
16.32  9.9479
16.44  9.9787
16.56  10.0101
16.68  10.0416
16.8  10.0727
16.92  10.1028
17.04  10.1316
17.16  10.1583
17.28  10.1826
17.4  10.204
17.52  10.2221
17.64  10.2366
17.76  10.2471
17.88  10.2535
18  10.2556
18.12  10.2535
18.24  10.2471
18.36  10.2366
18.48  10.2221
18.6  10.204
18.72  10.1826
18.84  10.1583
18.96  10.1316
19.08  10.1028
19.2  10.0727
19.32  10.0416
19.44  10.0101
19.56  9.9787
19.68  9.9479
19.8  9.91818
19.92  9.88995
20.04  9.86364
20.16  9.83959
20.28  9.81811
20.4  9.79949
20.52  9.78395
20.64  9.77167
20.76  9.7628
20.88  9.75744
21  9.75565
21.12  9.75744
21.24  9.7628
21.36  9.77167
21.48  9.78395
21.6  9.79949
21.72  9.81811
21.84  9.83959
21.96  9.86364
22.08  9.88995
22.2  9.91818
22.32  9.9479
22.44  9.9787
22.56  10.0101
22.68  10.0416
22.8  10.0727
22.92  10.1028
23.04  10.1316
23.16  10.1583
23.28  10.1826
23.4  10.204
23.52  10.2221
23.64  10.2366
23.76  10.2471
23.88  10.2535
24  10.2556
24.12  10.2535
24.24  10.2471
24.36  10.2366
24.48  10.2221
24.6  10.204
24.72  10.1826
24.84  10.1583
24.96  10.1316
25.08  10.1028
25.2  10.0727
25.32  10.0416
25.44  10.0101
25.56  9.9787
25.68  9.9479
25.8  9.91818
25.92  9.88995
26.04  9.86364
26.16  9.83959
26.28  9.81811
26.4  9.79949
26.52  9.78395
26.64  9.77167
26.76  9.7628
26.88  9.75744
27  9.75565
27.12  9.75744
27.24  9.7628
27.36  9.77167
27.48  9.78395
27.6  9.79949
27.72  9.81811
27.84  9.83959
27.96  9.86364
28.08  9.88995
28.2  9.91818
28.32  9.9479
28.44  9.9787
28.56  10.0101
28.68  10.0416
28.8  10.0727
28.92  10.1028
29.04  10.1316
29.16  10.1583
29.28  10.1826
29.4  10.204
29.52  10.2221
29.64  10.2366
29.76  10.2471
29.88  10.2535
30  10.2556
30.12  10.2535
30.24  10.2471
30.36  10.2366
30.48  10.2221
30.6  10.204
30.72  10.1826
30.84  10.1583
30.96  10.1316
31.08  10.1028
31.2  10.0727
31.32  10.0416
31.44  10.0101
31.56  9.9787
31.68  9.9479
31.8  9.91818
31.92  9.88995
32.04  9.86364
32.16  9.83959
32.28  9.81811
32.4  9.79949
32.52  9.78395
32.64  9.77167
32.76  9.7628
32.88  9.75744
33  9.75565
33.12  9.75744
33.24  9.7628
33.36  9.77167
33.48  9.78395
33.6  9.79949
33.72  9.81811
33.84  9.83959
33.96  9.86364
34.08  9.88995
34.2  9.91818
34.32  9.9479
34.44  9.9787
34.56  10.0101
34.68  10.0416
34.8  10.0727
34.92  10.1028
35.04  10.1316
35.16  10.1583
35.28  10.1826
35.4  10.204
35.52  10.2221
35.64  10.2366
35.76  10.2471
35.88  10.2535
36  10.2556
36.12  10.2535
36.24  10.2471
36.36  10.2366
36.48  10.2221
36.6  10.204
36.72  10.1826
36.84  10.1583
36.96  10.1316
37.08  10.1028
37.2  10.0727
37.32  10.0416
37.44  10.0101
37.56  9.9787
37.68  9.9479
37.8  9.91818
37.92  9.88995
38.04  9.86364
38.16  9.83959
38.28  9.81811
38.4  9.79949
38.52  9.78395
38.64  9.77167
38.76  9.7628
38.88  9.75744
39  9.75565
39.12  9.75744
39.24  9.7628
39.36  9.77167
39.48  9.78395
39.6  9.79949
39.72  9.81811
39.84  9.83959
39.96  9.86364
40.08  9.88995
40.2  9.91818
40.32  9.9479
40.44  9.9787
40.56  10.0101
40.68  10.0416
40.8  10.0727
40.92  10.1028
41.04  10.1316
41.16  10.1583
41.28  10.1826
41.4  10.204
41.52  10.2221
41.64  10.2366
41.76  10.2471
41.88  10.2535
42  10.2556
42.12  10.2535
42.24  10.2471
42.36  10.2366
42.48  10.2221
42.6  10.204
42.72  10.1826
42.84  10.1583
42.96  10.1316
43.08  10.1028
43.2  10.0727
43.32  10.0416
43.44  10.0101
43.56  9.9787
43.68  9.9479
43.8  9.91818
43.92  9.88995
44.04  9.86364
44.16  9.83959
44.28  9.81811
44.4  9.79949
44.52  9.78395
44.64  9.77167
44.76  9.7628
44.88  9.75744
45  9.75565
45.12  9.75744
45.24  9.7628
45.36  9.77167
45.48  9.78395
45.6  9.79949
45.72  9.81811
45.84  9.83959
45.96  9.86364
46.08  9.88995
46.2  9.91818
46.32  9.9479
46.44  9.9787
46.56  10.0101
46.68  10.0416
46.8  10.0727
46.92  10.1028
47.04  10.1316
47.16  10.1583
47.28  10.1826
47.4  10.204
47.52  10.2221
47.64  10.2366
47.76  10.2471
47.88  10.2535
48  10.2556
48.12  10.2535
48.24  10.2471
48.36  10.2366
48.48  10.2221
48.6  10.204
48.72  10.1826
48.84  10.1583
48.96  10.1316
49.08  10.1028
49.2  10.0727
49.32  10.0416
49.44  10.0101
49.56  9.9787
49.68  9.9479
49.8  9.91818
49.92  9.88995
50.04  9.86364
50.16  9.83959
50.28  9.81811
50.4  9.79949
50.52  9.78395
50.64  9.77167
50.76  9.7628
50.88  9.75744
51  9.75565
51.12  9.75744
51.24  9.7628
51.36  9.77167
51.48  9.78395
51.6  9.79949
51.72  9.81811
51.84  9.83959
51.96  9.86364
52.08  9.88995
52.2  9.91818
52.32  9.9479
52.44  9.9787
52.56  10.0101
52.68  10.0416
52.8  10.0727
52.92  10.1028
53.04  10.1316
53.16  10.1583
53.28  10.1826
53.4  10.204
53.52  10.2221
53.64  10.2366
53.76  10.2471
53.88  10.2535
54  10.2556
54.12  10.2535
54.24  10.2471
54.36  10.2366
54.48  10.2221
54.6  10.204
54.72  10.1826
54.84  10.1583
54.96  10.1316
55.08  10.1028
55.2  10.0727
55.32  10.0416
55.44  10.0101
55.56  9.9787
55.68  9.9479
55.8  9.91818
55.92  9.88995
56.04  9.86364
56.16  9.83959
56.28  9.81811
56.4  9.79949
56.52  9.78395
56.64  9.77167
56.76  9.7628
56.88  9.75744
57  9.75565
57.12  9.75744
57.24  9.7628
57.36  9.77167
57.48  9.78395
57.6  9.79949
57.72  9.81811
57.84  9.83959
57.96  9.86364
58.08  9.88995
58.2  9.91818
58.32  9.9479
58.44  9.9787
58.56  10.0101
58.68  10.0416
58.8  10.0727
58.92  10.1028
59.04  10.1316
59.16  10.1583
59.28  10.1826
59.4  10.204
59.52  10.2221
59.64  10.2366
59.76  10.2471
59.88  10.2535
60  10.2556
60.12  10.2535
60.24  10.2471
60.36  10.2366
60.48  10.2221
60.6  10.204
60.72  10.1826
60.84  10.1583
60.96  10.1316
61.08  10.1028
61.2  10.0727
61.32  10.0416
61.44  10.0101
61.56  9.9787
61.68  9.9479
61.8  9.91818
61.92  9.88995
62.04  9.86364
62.16  9.83959
62.28  9.81811
62.4  9.79949
62.52  9.78395
62.64  9.77167
62.76  9.7628
62.88  9.75744
63  9.75565
63.12  9.75744
63.24  9.7628
63.36  9.77167
63.48  9.78395
63.6  9.79949
63.72  9.81811
63.84  9.83959
63.96  9.86364
64.08  9.88995
64.2  9.91818
64.32  9.9479
64.44  9.9787
64.56  10.0101
64.68  10.0416
64.8  10.0727
64.92  10.1028
65.04  10.1316
65.16  10.1583
65.28  10.1826
65.4  10.204
65.52  10.2221
65.64  10.2366
65.76  10.2471
65.88  10.2535
66  10.2556
66.12  10.2535
66.24  10.2471
66.36  10.2366
66.48  10.2221
66.6  10.204
66.72  10.1826
66.84  10.1583
66.96  10.1316
67.08  10.1028
67.2  10.0727
67.32  10.0416
67.44  10.0101
67.56  9.9787
67.68  9.9479
67.8  9.91818
67.92  9.88995
68.04  9.86364
68.16  9.83959
68.28  9.81811
68.4  9.79949
68.52  9.78395
68.64  9.77167
68.76  9.7628
68.88  9.75744
69  9.75565
69.12  9.75744
69.24  9.7628
69.36  9.77167
69.48  9.78395
69.6  9.79949
69.72  9.81811
69.84  9.83959
69.96  9.86364
70.08  9.88995
70.2  9.91818
70.32  9.9479
70.44  9.9787
70.56  10.0101
70.68  10.0416
70.8  10.0727
70.92  10.1028
71.04  10.1316
71.16  10.1583
71.28  10.1826
71.4  10.204
71.52  10.2221
71.64  10.2366
71.76  10.2471
71.88  10.2535
72  10.2556
72.12  10.2535
72.24  10.2471
72.36  10.2366
72.48  10.2221
72.6  10.204
72.72  10.1826
72.84  10.1583
72.96  10.1316
73.08  10.1028
73.2  10.0727
73.32  10.0416
73.44  10.0101
73.56  9.9787
73.68  9.9479
73.8  9.91818
73.92  9.88996
74.04  9.86364
74.16  9.83959
74.28  9.81811
74.4  9.79949
74.52  9.78395
74.64  9.77167
74.76  9.7628
74.88  9.75744
75  9.75565
75.12  9.75744
75.24  9.7628
75.36  9.77167
75.48  9.78395
75.6  9.79949
75.72  9.81811
75.84  9.83959
75.96  9.86364
76.08  9.88995
76.2  9.91818
76.32  9.9479
76.44  9.9787
76.56  10.0101
76.68  10.0416
76.8  10.0727
76.92  10.1028
77.04  10.1316
77.16  10.1583
77.28  10.1826
77.4  10.204
77.52  10.2221
77.64  10.2366
77.76  10.2471
77.88  10.2535
78  10.2556
78.12  10.2535
78.24  10.2471
78.36  10.2366
78.48  10.2221
78.6  10.204
78.72  10.1826
78.84  10.1583
78.96  10.1316
79.08  10.1028
79.2  10.0727
79.32  10.0416
79.44  10.0101
79.56  9.9787
79.68  9.9479
79.8  9.91818
79.92  9.88996
80.04  9.86364
80.16  9.83959
80.28  9.81811
80.4  9.79949
80.52  9.78395
80.64  9.77167
80.76  9.7628
80.88  9.75744
81  9.75565
81.12  9.75744
81.24  9.7628
81.36  9.77167
81.48  9.78395
81.6  9.79949
81.72  9.81811
81.84  9.83959
81.96  9.86364
82.08  9.88995
82.2  9.91818
82.32  9.9479
82.44  9.9787
82.56  10.0101
82.68  10.0416
82.8  10.0727
82.92  10.1028
83.04  10.1316
83.16  10.1583
83.28  10.1826
83.4  10.204
83.52  10.2221
83.64  10.2366
83.76  10.2471
83.88  10.2535
84  10.2556
84.12  10.2535
84.24  10.2471
84.36  10.2366
84.48  10.2221
84.6  10.204
84.72  10.1826
84.84  10.1583
84.96  10.1316
85.08  10.1028
85.2  10.0727
85.32  10.0416
85.44  10.0101
85.56  9.9787
85.68  9.9479
85.8  9.91818
85.92  9.88996
86.04  9.86364
86.16  9.83959
86.28  9.81811
86.4  9.79949
86.52  9.78395
86.64  9.77167
86.76  9.7628
86.88  9.75744
87  9.75565
87.12  9.75744
87.24  9.7628
87.36  9.77167
87.48  9.78395
87.6  9.79949
87.72  9.81811
87.84  9.83959
87.96  9.86364
88.08  9.88995
88.2  9.91818
88.32  9.9479
88.44  9.9787
88.56  10.0101
88.68  10.0416
88.8  10.0727
88.92  10.1028
89.04  10.1316
89.16  10.1583
89.28  10.1826
89.4  10.204
89.52  10.2221
89.64  10.2366
89.76  10.2471
89.88  10.2535
90  10.2556
90.12  10.2535
90.24  10.2471
90.36  10.2366
90.48  10.2221
90.6  10.204
90.72  10.1826
90.84  10.1583
90.96  10.1316
91.08  10.1028
91.2  10.0727
91.32  10.0416
91.44  10.0101
91.56  9.9787
91.68  9.9479
91.8  9.91818
91.92  9.88996
92.04  9.86364
92.16  9.83959
92.28  9.81811
92.4  9.79949
92.52  9.78395
92.64  9.77167
92.76  9.7628
92.88  9.75744
93  9.75565
93.12  9.75744
93.24  9.7628
93.36  9.77167
93.48  9.78395
93.6  9.79949
93.72  9.81811
93.84  9.83959
93.96  9.86364
94.08  9.88995
94.2  9.91818
94.32  9.9479
94.44  9.9787
94.56  10.0101
94.68  10.0416
94.8  10.0727
94.92  10.1028
95.04  10.1316
95.16  10.1583
95.28  10.1826
95.4  10.204
95.52  10.2221
95.64  10.2366
95.76  10.2471
95.88  10.2535
96  10.2556
96.12  10.2535
96.24  10.2471
96.36  10.2366
96.48  10.2221
96.6  10.204
96.72  10.1826
96.84  10.1583
96.96  10.1316
97.08  10.1028
97.2  10.0727
97.32  10.0416
97.44  10.0101
97.56  9.9787
97.68  9.9479
97.8  9.91818
97.92  9.88996
98.04  9.86364
98.16  9.83959
98.28  9.81811
98.4  9.79949
98.52  9.78395
98.64  9.77167
98.76  9.7628
98.88  9.75744
99  9.75565
99.12  9.75744
99.24  9.7628
99.36  9.77167
99.48  9.78395
99.6  9.79949
99.72  9.81811
99.84  9.83959
99.96  9.86364
100.08  9.88995
100.2  9.91818
100.32  9.9479
100.44  9.9787
100.56  10.0101
100.68  10.0416
100.8  10.0727
100.92  10.1028
101.04  10.1316
101.16  10.1583
101.28  10.1826
101.4  10.204
101.52  10.2221
101.64  10.2366
101.76  10.2471
101.88  10.2535
102  10.2556
102.12  10.2535
102.24  10.2471
102.36  10.2366
102.48  10.2221
102.6  10.204
102.72  10.1826
102.84  10.1583
102.96  10.1316
103.08  10.1028
103.2  10.0727
103.32  10.0416
103.44  10.0101
103.56  9.9787
103.68  9.9479
103.8  9.91818
103.92  9.88996
104.04  9.86364
104.16  9.83959
104.28  9.81811
104.4  9.79949
104.52  9.78395
104.64  9.77167
104.76  9.7628
104.88  9.75744
105  9.75565
105.12  9.75744
105.24  9.7628
105.36  9.77167
105.48  9.78395
105.6  9.79949
105.72  9.81811
105.84  9.83959
105.96  9.86364
106.08  9.88995
106.2  9.91818
106.32  9.9479
106.44  9.9787
106.56  10.0101
106.68  10.0416
106.8  10.0727
106.92  10.1028
107.04  10.1316
107.16  10.1583
107.28  10.1826
107.4  10.204
107.52  10.2221
107.64  10.2366
107.76  10.2471
107.88  10.2535
108  10.2556
108.12  10.2535
108.24  10.2471
108.36  10.2366
108.48  10.2221
108.6  10.204
108.72  10.1826
108.84  10.1583
108.96  10.1316
109.08  10.1028
109.2  10.0727
109.32  10.0416
109.44  10.0101
109.56  9.9787
109.68  9.9479
109.8  9.91818
109.92  9.88996
110.04  9.86364
110.16  9.83959
110.28  9.81811
110.4  9.79949
110.52  9.78395
110.64  9.77167
110.76  9.7628
110.88  9.75744
111  9.75565
111.12  9.75744
111.24  9.7628
111.36  9.77167
111.48  9.78395
111.6  9.79949
111.72  9.81811
111.84  9.83959
111.96  9.86364
112.08  9.88995
112.2  9.91818
112.32  9.9479
112.44  9.9787
112.56  10.0101
112.68  10.0416
112.8  10.0727
112.92  10.1028
113.04  10.1316
113.16  10.1583
113.28  10.1826
113.4  10.204
113.52  10.2221
113.64  10.2366
113.76  10.2471
113.88  10.2535
114  10.2556
114.12  10.2535
114.24  10.2471
114.36  10.2366
114.48  10.2221
114.6  10.204
114.72  10.1826
114.84  10.1583
114.96  10.1316
115.08  10.1028
115.2  10.0727
115.32  10.0416
115.44  10.0101
115.56  9.9787
115.68  9.9479
115.8  9.91818
115.92  9.88996
116.04  9.86364
116.16  9.83959
116.28  9.81811
116.4  9.79949
116.52  9.78395
116.64  9.77167
116.76  9.7628
116.88  9.75744
117  9.75565
117.12  9.75744
117.24  9.7628
117.36  9.77167
117.48  9.78395
117.6  9.79949
117.72  9.81811
117.84  9.83959
117.96  9.86364
118.08  9.88995
118.2  9.91818
118.32  9.9479
118.44  9.9787
118.56  10.0101
118.68  10.0416
118.8  10.0727
118.92  10.1028
119.04  10.1316
119.16  10.1583
119.28  10.1826
119.4  10.204
119.52  10.2221
119.64  10.2366
119.76  10.2471
119.88  10.2535
120  10.2556
120.12  10.2535
120.24  10.2471
120.36  10.2366
120.48  10.2221
120.6  10.204
120.72  10.1826
120.84  10.1583
120.96  10.1316
121.08  10.1028
121.2  10.0727
121.32  10.0416
121.44  10.0101
121.56  9.9787
121.68  9.9479
121.8  9.91818
121.92  9.88996
122.04  9.86364
122.16  9.83959
122.28  9.81811
122.4  9.79949
122.52  9.78395
122.64  9.77167
122.76  9.7628
122.88  9.75744
123  9.75565
123.12  9.75744
123.24  9.7628
123.36  9.77167
123.48  9.78395
123.6  9.79949
123.72  9.81811
123.84  9.83959
123.96  9.86364
124.08  9.88995
124.2  9.91818
124.32  9.9479
124.44  9.9787
124.56  10.0101
124.68  10.0416
124.8  10.0727
124.92  10.1028
125.04  10.1316
125.16  10.1583
125.28  10.1826
125.4  10.204
125.52  10.2221
125.64  10.2366
125.76  10.2471
125.88  10.2535
126  10.2556
126.12  10.2535
126.24  10.2471
126.36  10.2366
126.48  10.2221
126.6  10.204
126.72  10.1826
126.84  10.1583
126.96  10.1316
127.08  10.1028
127.2  10.0727
127.32  10.0416
127.44  10.0101
127.56  9.9787
127.68  9.9479
127.8  9.91818
127.92  9.88996
128.04  9.86364
128.16  9.83959
128.28  9.81811
128.4  9.79949
128.52  9.78395
128.64  9.77167
128.76  9.7628
128.88  9.75744
129  9.75565
129.12  9.75744
129.24  9.7628
129.36  9.77167
129.48  9.78395
129.6  9.79949
129.72  9.81811
129.84  9.83959
129.96  9.86364
130.08  9.88995
130.2  9.91818
130.32  9.9479
130.44  9.9787
130.56  10.0101
130.68  10.0416
130.8  10.0727
130.92  10.1028
131.04  10.1316
131.16  10.1583
131.28  10.1826
131.4  10.204
131.52  10.2221
131.64  10.2366
131.76  10.2471
131.88  10.2535
132  10.2556
132.12  10.2535
132.24  10.2471
132.36  10.2366
132.48  10.2221
132.6  10.204
132.72  10.1826
132.84  10.1583
132.96  10.1316
133.08  10.1028
133.2  10.0727
133.32  10.0416
133.44  10.0101
133.56  9.9787
133.68  9.9479
133.8  9.91818
133.92  9.88996
134.04  9.86364
134.16  9.83959
134.28  9.81811
134.4  9.79949
134.52  9.78395
134.64  9.77167
134.76  9.7628
134.88  9.75744
135  9.75565
135.12  9.75744
135.24  9.7628
135.36  9.77167
135.48  9.78395
135.6  9.79949
135.72  9.81811
135.84  9.83959
135.96  9.86364
136.08  9.88995
136.2  9.91818
136.32  9.9479
136.44  9.9787
136.56  10.0101
136.68  10.0416
136.8  10.0727
136.92  10.1028
137.04  10.1316
137.16  10.1583
137.28  10.1826
137.4  10.204
137.52  10.2221
137.64  10.2366
137.76  10.2471
137.88  10.2535
138  10.2556
138.12  10.2535
138.24  10.2471
138.36  10.2366
138.48  10.2221
138.6  10.204
138.72  10.1826
138.84  10.1583
138.96  10.1316
139.08  10.1028
139.2  10.0727
139.32  10.0416
139.44  10.0101
139.56  9.9787
139.68  9.9479
139.8  9.91818
139.92  9.88996
140.04  9.86364
140.16  9.83959
140.28  9.81811
140.4  9.79949
140.52  9.78395
140.64  9.77167
140.76  9.7628
140.88  9.75744
141  9.75565
141.12  9.75744
141.24  9.7628
141.36  9.77167
141.48  9.78395
141.6  9.79949
141.72  9.81811
141.84  9.83959
141.96  9.86364
142.08  9.88995
142.2  9.91818
142.32  9.9479
142.44  9.9787
142.56  10.0101
142.68  10.0416
142.8  10.0727
142.92  10.1028
143.04  10.1316
143.16  10.1583
143.28  10.1826
143.4  10.204
143.52  10.2221
143.64  10.2366
143.76  10.2471
143.88  10.2535
144  10.2556
144.12  10.2535
144.24  10.2471
144.36  10.2366
144.48  10.2221
144.6  10.204
144.72  10.1826
144.84  10.1583
144.96  10.1316
145.08  10.1028
145.2  10.0727
145.32  10.0416
145.44  10.0101
145.56  9.9787
145.68  9.9479
145.8  9.91818
145.92  9.88996
146.04  9.86364
146.16  9.83959
146.28  9.81811
146.4  9.79949
146.52  9.78395
146.64  9.77167
146.76  9.7628
146.88  9.75744
147  9.75565
147.12  9.75744
147.24  9.7628
147.36  9.77167
147.48  9.78395
147.6  9.79949
147.72  9.81811
147.84  9.83959
147.96  9.86364
148.08  9.88995
148.2  9.91818
148.32  9.9479
148.44  9.9787
148.56  10.0101
148.68  10.0416
148.8  10.0727
148.92  10.1028
149.04  10.1316
149.16  10.1583
149.28  10.1826
149.4  10.204
149.52  10.2221
149.64  10.2366
149.76  10.2471
149.88  10.2535
150  10.2556
150.12  10.2535
150.24  10.2471
150.36  10.2366
150.48  10.2221
150.6  10.204
150.72  10.1826
150.84  10.1583
150.96  10.1316
151.08  10.1028
151.2  10.0727
151.32  10.0416
151.44  10.0101
151.56  9.9787
151.68  9.9479
151.8  9.91818
151.92  9.88996
152.04  9.86364
152.16  9.83959
152.28  9.81811
152.4  9.79949
152.52  9.78395
152.64  9.77167
152.76  9.7628
152.88  9.75744
153  9.75565
153.12  9.75744
153.24  9.7628
153.36  9.77167
153.48  9.78395
153.6  9.79949
153.72  9.81811
153.84  9.83959
153.96  9.86364
154.08  9.88995
154.2  9.91818
154.32  9.9479
154.44  9.9787
154.56  10.0101
154.68  10.0416
154.8  10.0727
154.92  10.1028
155.04  10.1316
155.16  10.1583
155.28  10.1826
155.4  10.204
155.52  10.2221
155.64  10.2366
155.76  10.2471
155.88  10.2535
156  10.2556
156.12  10.2535
156.24  10.2471
156.36  10.2366
156.48  10.2221
156.6  10.204
156.72  10.1826
156.84  10.1583
156.96  10.1316
157.08  10.1028
157.2  10.0727
157.32  10.0416
157.44  10.0101
157.56  9.9787
157.68  9.9479
157.8  9.91818
157.92  9.88996
158.04  9.86364
158.16  9.83959
158.28  9.81811
158.4  9.79949
158.52  9.78395
158.64  9.77167
158.76  9.7628
158.88  9.75744
159  9.75565
159.12  9.75744
159.24  9.7628
159.36  9.77167
159.48  9.78395
159.6  9.79949
159.72  9.81811
159.84  9.83959
159.96  9.86364
160.08  9.88995
160.2  9.91818
160.32  9.9479
160.44  9.9787
160.56  10.0101
160.68  10.0416
160.8  10.0727
160.92  10.1028
161.04  10.1316
161.16  10.1583
161.28  10.1826
161.4  10.204
161.52  10.2221
161.64  10.2366
161.76  10.2471
161.88  10.2535
162  10.2556
162.12  10.2535
162.24  10.2471
162.36  10.2366
162.48  10.2221
162.6  10.204
162.72  10.1826
162.84  10.1583
162.96  10.1316
163.08  10.1028
163.2  10.0727
163.32  10.0416
163.44  10.0101
163.56  9.9787
163.68  9.9479
163.8  9.91818
163.92  9.88996
164.04  9.86364
164.16  9.83959
164.28  9.81811
164.4  9.79949
164.52  9.78395
164.64  9.77167
164.76  9.7628
164.88  9.75744
165  9.75565
165.12  9.75744
165.24  9.7628
165.36  9.77167
165.48  9.78395
165.6  9.79949
165.72  9.81811
165.84  9.83959
165.96  9.86364
166.08  9.88995
166.2  9.91818
166.32  9.9479
166.44  9.9787
166.56  10.0101
166.68  10.0416
166.8  10.0727
166.92  10.1028
167.04  10.1316
167.16  10.1583
167.28  10.1826
167.4  10.204
167.52  10.2221
167.64  10.2366
167.76  10.2471
167.88  10.2535
168  10.2556
168.12  10.2535
168.24  10.2471
168.36  10.2366
168.48  10.2221
168.6  10.204
168.72  10.1826
168.84  10.1583
168.96  10.1316
169.08  10.1028
169.2  10.0727
169.32  10.0416
169.44  10.0101
169.56  9.9787
169.68  9.9479
169.8  9.91818
169.92  9.88996
170.04  9.86364
170.16  9.83959
170.28  9.81811
170.4  9.79949
170.52  9.78395
170.64  9.77167
170.76  9.7628
170.88  9.75744
171  9.75565
171.12  9.75744
171.24  9.7628
171.36  9.77167
171.48  9.78395
171.6  9.79949
171.72  9.81811
171.84  9.83959
171.96  9.86364
172.08  9.88995
172.2  9.91818
172.32  9.9479
172.44  9.9787
172.56  10.0101
172.68  10.0416
172.8  10.0727
172.92  10.1028
173.04  10.1316
173.16  10.1583
173.28  10.1826
173.4  10.204
173.52  10.2221
173.64  10.2366
173.76  10.2471
173.88  10.2535
174  10.2556
174.12  10.2535
174.24  10.2471
174.36  10.2366
174.48  10.2221
174.6  10.204
174.72  10.1826
174.84  10.1583
174.96  10.1316
175.08  10.1028
175.2  10.0727
175.32  10.0416
175.44  10.0101
175.56  9.9787
175.68  9.9479
175.8  9.91818
175.92  9.88996
176.04  9.86364
176.16  9.83959
176.28  9.81811
176.4  9.79949
176.52  9.78395
176.64  9.77167
176.76  9.7628
176.88  9.75744
177  9.75565
177.12  9.75744
177.24  9.7628
177.36  9.77167
177.48  9.78395
177.6  9.79949
177.72  9.81811
177.84  9.83959
177.96  9.86364
178.08  9.88995
178.2  9.91818
178.32  9.9479
178.44  9.9787
178.56  10.0101
178.68  10.0416
178.8  10.0727
178.92  10.1028
179.04  10.1316
179.16  10.1583
179.28  10.1826
179.4  10.204
179.52  10.2221
179.64  10.2366
179.76  10.2471
179.88  10.2535
