0.0 2.30692277028
0.0587660845588 0.0424633254845
0.117532169118 0.039934870459
0.176298253676 0.0330301109981
0.235064338235 0.0458704457689
0.293830422794 0.0568940055212
0.352596507353 0.0606062240091
0.411362591912 0.0960845736119
0.470128676471 0.149847383724
0.528894761029 0.313724661998
0.587660845588 13.2161708951
0.646426930147 0.325072769735
0.705193014706 0.133773416843
0.763959099265 0.109050092633
0.822725183824 0.0849808823135
0.881491268382 0.0697004387209
0.940257352941 0.0598793545648
0.9990234375 0.0526077128272
1.05778952206 0.0493434780037
1.11655560662 0.0520548377607
1.17532169118 0.272389593645
1.23408777574 0.0279404615483
1.29285386029 0.0280325138571
1.35161994485 0.026151178262
1.41038602941 0.0249257476559
1.46915211397 0.0238121827947
1.52791819853 0.0226831714649
1.58668428309 0.0216142530715
1.64545036765 0.0200562964695
1.70421645221 0.0181891998613
1.76298253676 0.0211677682611
1.82174862132 0.0217205957425
1.88051470588 0.019132721589
1.93928079044 0.0185194394151
1.998046875 0.0179169141099
2.05681295956 0.0169730132498
2.11557904412 0.0164873027035
2.17434512868 0.0161931839418
2.23311121324 0.0153245171557
2.29187729779 0.0151882213584
2.35064338235 0.0204478538208
2.40940946691 0.0118397813928
2.46817555147 0.0135175642385
2.52694163603 0.0131140881166
2.58570772059 0.0129420145637
2.64447380515 0.0127964109416
2.70323988971 0.0128775786345
2.76200597426 0.0127518231863
2.82077205882 0.0127919438658
2.87953814338 0.0156707552525
2.93830422794 0.0117711510931
2.9970703125 0.0106113913655
3.05583639706 0.00933800461588
3.11460248162 0.0100442651803
3.17336856618 0.0100740820126
3.23213465074 0.00978432741334
3.29090073529 0.00982868273432
3.34966681985 0.0101874031991
3.40843290441 0.009634844131
3.46719898897 0.0114524799407
3.52596507353 0.0140158653887
3.58473115809 0.00715334245227
3.64349724265 0.00729950323959
3.70226332721 0.00789896278207
3.76102941176 0.00800439227902
3.81979549632 0.00785441304255
3.87856158088 0.00809963006061
3.93732766544 0.00809920454932
3.99609375 0.00810403116597
4.05485983456 0.00883239253334
4.11362591912 0.0172116302505
4.17239200368 0.00630018521531
4.23115808824 0.00637376103213
4.28992417279 0.00698997272273
4.34869025735 0.00677323511148
4.40745634191 0.00679080718239
4.46622242647 0.00684562451186
4.52498851103 0.00674741641766
4.58375459559 0.00686014637118
4.64252068015 0.00767157629638
4.70128676471 0.00393287257427
4.76005284926 0.00808674525175
4.81881893382 0.0061166796649
4.87758501838 0.00629750610971
4.93635110294 0.00627835406567
4.9951171875 0.00617646407045
5.05388327206 0.00612592919469
5.11264935662 0.00613740459007
5.17141544118 0.00643461102628
5.23018152574 0.00586349451748
5.28894761029 0.00756556420014
5.34771369485 0.00513518485389
5.40647977941 0.005409810092
5.46524586397 0.00539481592555
5.52401194853 0.00530130595715
5.58277803309 0.00532629492352
5.64154411765 0.00528447238033
5.70031020221 0.00510830931992
5.75907628676 0.00528829406298
5.81784237132 0.00489847832594
5.87660845588 0.00140350058191
5.93537454044 0.00527889121627
5.994140625 0.00524247118496
6.05290670956 0.00508635841526
6.11167279412 0.00507887907613
6.17043887868 0.00512364186112
6.22920496324 0.00501860788715
6.28797104779 0.00502835577683
6.34673713235 0.00513864188981
6.40550321691 0.0052578032908
6.46426930147 0.0031378886773
6.52303538603 0.00444724711881
6.58180147059 0.00463836615174
6.64056755515 0.00441885822204
6.69933363971 0.00452724072904
6.75809972426 0.00451486215711
6.81686580882 0.00443719387213
6.87563189338 0.00444889167901
6.93439797794 0.00453890642974
6.9931640625 0.00439052254131
7.05193014706 0.00398748580678
7.11069623162 0.00359112962677
7.16946231618 0.0041656650744
7.22822840074 0.00411258984971
7.28699448529 0.00409453423683
7.34576056985 0.00412562632773
7.40452665441 0.0041063493523
7.46329273897 0.00407294690683
7.52205882353 0.00405117218923
7.58082490809 0.00417868025827
7.63959099265 0.00364509461683
7.69835707721 0.00399518738559
7.75712316176 0.00393579660173
7.81588924632 0.00385605025847
7.87465533088 0.00386306863162
7.93342141544 0.00384152389333
7.9921875 0.0037877589933
8.05095358456 0.00378267877181
8.10971966912 0.00376867257391
8.16848575368 0.00367851008715
8.22725183824 0.00391635304342
8.28601792279 0.00384542190025
8.34478400735 0.003747216235
8.40355009191 0.00371230523896
8.46231617647 0.0037043215378
8.52108226103 0.0036745553442
8.57984834559 0.00367321160116
8.63861443015 0.00369975219058
8.69738051471 0.00366850081257
8.75614659926 0.00381641650607
8.81491268382 0.00664036960291
8.87367876838 0.00311966998136
8.93244485294 0.00330370254465
8.9912109375 0.00339251282397
9.04997702206 0.00348973922623
9.10874310662 0.00346892477471
9.16750919118 0.00362680522893
9.22627527574 0.0044423757701
9.28504136029 0.00459481552736
9.34380744485 0.00673330678979
9.40257352941 0.0495869980023
9.46133961397 0.010403470328
9.52010569853 0.00566138932396
9.57887178309 0.00382543640567
9.63763786765 0.00432868471648
9.69640395221 0.00391806175381
9.75517003676 0.0036234647917
9.81393612132 0.00364477505841
9.87270220588 0.00354963269082
9.93146829044 0.00344519311864
9.990234375 0.00344121354643
10.0490004596 0.00343050170665
10.1077665441 0.00336880362677
10.1665326287 0.00338578207951
10.2252987132 0.00349227210206
10.2840647978 0.00342857977874
10.3428308824 0.00357114600875
10.4015969669 0.00436206330459
10.4603630515 0.00424057568941
10.519129136 0.0064723883857
10.5778952206 0.0391221577895
10.6366613051 0.00909228488271
10.6954273897 0.0045958881271
10.7541934743 0.00338078087409
10.8129595588 0.00378064146512
10.8717256434 0.00342598979731
10.9304917279 0.00319977535903
10.9892578125 0.00319725632731
11.0480238971 0.00312616803711
11.1067899816 0.00305085047045
11.1655560662 0.00355191375956
11.2243221507 0.00314059461292
11.2830882353 0.00302387553126
11.3418543199 0.00290436682556
11.4006204044 0.00294540954133
11.459386489 0.002918373477
11.5181525735 0.00287673718008
11.5769186581 0.00287270174755
11.6356847426 0.00284538447469
11.6944508272 0.00280341412467
11.7532169118 0.00283190890976
11.8119829963 0.00290263500703
11.8707490809 0.00281668555684
11.9295151654 0.00281058168548
11.98828125 0.00280203941166
12.0470473346 0.00276591078078
12.1058134191 0.00276097495091
12.1645795037 0.00275788650188
12.2233455882 0.00272067566866
12.2821116728 0.00272689827334
12.3408777574 0.00284260590578
12.3996438419 0.00256922002164
12.4584099265 0.00267230980185
12.517176011 0.00266741574383
12.5759420956 0.00264330618008
12.6347081801 0.00265075434157
12.6934742647 0.0026611512727
12.7522403493 0.00264483297065
12.8110064338 0.00264771993998
12.8697725184 0.00275791341672
12.9285386029 0.00254121429484
12.9873046875 0.00247770724796
13.0460707721 0.00247884757713
13.1048368566 0.00251780958658
13.1636029412 0.00251922750579
13.2223690257 0.00250415936558
13.2811351103 0.0025154719835
13.3399011949 0.00254113962311
13.3986672794 0.00249556021661
13.457433364 0.00259044562118
13.5161994485 0.00270932258593
13.5749655331 0.00219529050778
13.6337316176 0.00233881086909
13.6924977022 0.00241190022567
13.7512637868 0.00238962900607
13.8100298713 0.00239015053062
13.8687959559 0.00242937420079
13.9275620404 0.00244805661339
13.986328125 0.00243453318685
14.0450942096 0.00253171913107
14.1038602941 0.00307361616057
14.1626263787 0.00206225768434
14.2213924632 0.00219785837981
14.2801585478 0.00232666081532
14.3389246324 0.00222426272023
14.3976907169 0.00225337923437
14.4564568015 0.00227502813191
14.515222886 0.00224032582807
14.5739889706 0.00226222942444
14.6327550551 0.0022916830669
14.6915211397 0.00198575409544
14.7502872243 0.00237977440647
14.8090533088 0.00218900381336
14.8678193934 0.0022047610378
14.9265854779 0.00224200612866
14.9853515625 0.0022126635286
15.0441176471 0.00220558615191
15.1028837316 0.00222280281674
15.1616498162 0.00222361231726
15.2204159007 0.00213884683033
15.2791819853 0.00237475587657
15.3379480699 0.00201892219218
15.3967141544 0.00212303808802
15.455480239 0.00215141521455
15.5142463235 0.00209463619838
15.5730124081 0.00211738540671
15.6317784926 0.00211003638155
15.6905445772 0.00205806037115
15.7493106618 0.00209517458069
15.8080767463 0.00200619320959
15.8668428309 0.00151954795993
15.9256089154 0.00226803580158
15.984375 0.00218353480456
16.0431410846 0.0020809274794
16.1019071691 0.00215767809842
16.1606732537 0.00215017270413
16.2194393382 0.00211212631767
16.2782054228 0.0021123427641
16.3369715074 0.00212369088519
16.3957375919 0.00209301154525
16.4545036765 0.00181360379923
16.513269761 0.0020655604387
16.5720358456 0.00208720240589
16.6308019301 0.00201445790678
16.6895680147 0.00206292460839
16.7483340993 0.00205804609653
16.8071001838 0.0020363602959
16.8658662684 0.0020435275906
16.9246323529 0.00204558983373
16.9833984375 0.00200845566074
17.0421645221 0.00195444845862
17.1009306066 0.00190908707365
17.1596966912 0.00202193650725
17.2184627757 0.0019997361169
17.2772288603 0.00198658234799
17.3359949449 0.0020098807863
17.3947610294 0.00200337747666
17.453527114 0.00198920262322
17.5122931985 0.001993897021
17.5710592831 0.00200711483295
17.6298253676 0.00190320192739
17.6885914522 0.00199837267694
17.7473575368 0.00198317929814
17.8061236213 0.00195015729259
17.8648897059 0.00197133583543
17.9236557904 0.00196702654944
17.982421875 0.00195066372218
18.0411879596 0.00195986501106
18.0999540441 0.00195970104732
18.1587201287 0.00194121366471
18.2174862132 0.00199014518385
18.2762522978 0.00197475625707
18.3350183824 0.00194640795858
18.3937844669 0.00195411865864
18.4525505515 0.00195818905617
18.511316636 0.00194218663194
18.5700827206 0.00195215290409
18.6288488051 0.00197252334743
18.6876148897 0.00194762490867
18.7463809743 0.00199900647128
18.8051470588 0.00233691286716
18.8639131434 0.0018071932462
18.9226792279 0.00187189211254
18.9814453125 0.00193772761668
19.0402113971 0.00196543973807
19.0989774816 0.00193538698132
19.1577435662 0.00203505403014
19.2165096507 0.00242762155968
19.2752757353 0.00220389186011
19.3340418199 0.00297750393232
19.3928079044 0.0104353530288
19.451573989 0.00515904813223
19.5103400735 0.00248490241143
19.5691061581 0.00222166068059
19.6278722426 0.002865868825
19.6866383272 0.00224205782728
19.7454044118 0.0020016440064
19.8041704963 0.00213127624594
19.8629365809 0.00203474780754
19.9217026654 0.00196476587201
19.98046875 0.00200160890521
20.0392348346 0.0019950900944
20.0980009191 0.00195283496965
20.1567670037 0.00198581525565
20.2155330882 0.00205849886505
20.2742991728 0.00199020481122
20.3330652574 0.0020899485321
20.3918313419 0.00248826117979
20.4505974265 0.00219853873485
20.509363511 0.00300423138837
20.5681295956 0.00934060335957
20.6268956801 0.0046809949914
20.6856617647 0.00216424370603
20.7444278493 0.00239133956841
20.8031939338 0.00271906092063
20.8619600184 0.00207097996206
20.9207261029 0.00187605554875
20.9794921875 0.00196114383349
21.0382582721 0.00187444483691
21.0970243566 0.00180479319394
21.1557904412 0.00178620518061
21.2145565257 0.00191731392088
21.2733226103 0.00183412583328
21.3320886949 0.00174857017601
21.3908547794 0.00184586594427
21.449620864 0.00181565698779
21.5083869485 0.00178594330862
21.5671530331 0.00180012583497
21.6259191176 0.00178916029433
21.6846852022 0.00177115788727
21.7434512868 0.00178824231365
21.8022173713 0.00180415862293
21.8609834559 0.00176843477428
21.9197495404 0.00177590293431
21.978515625 0.00177896771232
22.0372817096 0.00175736554955
22.0960477941 0.00176224795566
22.1548138787 0.00176242927548
22.2135799632 0.00174427633248
22.2723460478 0.0017537878961
22.3311121324 0.00177762113958
22.3898782169 0.00169570794818
22.4486443015 0.00174180083251
22.507410386 0.00174636356953
22.5661764706 0.00171557876284
22.6249425551 0.00173451940069
22.6837086397 0.00173832061531
22.7424747243 0.00172574401706
22.8012408088 0.00173115829215
22.8600068934 0.00175654684164
22.9187729779 0.00168140609232
22.9775390625 0.00167557607988
23.0363051471 0.00169499920585
23.0950712316 0.00168765695942
23.1538373162 0.00168811469825
23.2126034007 0.00168751319771
23.2713694853 0.00169741216104
23.3301355699 0.00170706684947
23.3889016544 0.00168719214677
23.447667739 0.00171790910251
23.5064338235 0.0017376838854
23.5651999081 0.00157482473449
23.6239659926 0.00166026628865
23.6827320772 0.00169239922688
23.7414981618 0.00163435021748
23.8002642463 0.00166051835095
23.8590303309 0.00168807811624
23.9177964154 0.00169453159835
23.9765625 0.00168000014541
24.0353285846 0.00172636660862
24.0940946691 0.00185440940245
24.1528607537 0.00150125389286
24.2116268382 0.0016118530833
24.2703929228 0.00170315609167
24.3291590074 0.00154170901834
24.3879250919 0.00159758694201
24.4466911765 0.00162247916663
24.505457261 0.00159311728777
24.5642233456 0.00161660515962
24.6229894301 0.00161983959191
24.6817555147 0.00152659089746
24.7405215993 0.0016700482602
24.7992876838 0.00160058135051
24.8580537684 0.00157884485154
24.9168198529 0.00164710537524
24.9755859375 0.00160739876045
25.0343520221 0.00161140473159
25.0931181066 0.00162731173048
25.1518841912 0.00161382128017
25.2106502757 0.00159127535344
25.2694163603 0.00167151065386
25.3281824449 0.00153546699836
25.3869485294 0.00158665658042
25.445714614 0.00162549588868
25.5044806985 0.00154672469717
25.5632467831 0.00158822122934
25.6220128676 0.00158605959994
25.6807789522 0.00155450280686
25.7395450368 0.00158388271721
25.7983111213 0.00154324117612
25.8570772059 0.00140171740003
25.9158432904 0.00170544306495
25.974609375 0.00162211745298
26.0333754596 0.00152152323844
26.0921415441 0.00168606338881
26.1509076287 0.00164816535847
26.2096737132 0.00161357686869
26.2684397978 0.00162215711933
26.3272058824 0.0016237080154
26.3859719669 0.00159548666995
26.4447380515 0.00151351733701
26.503504136 0.00162449555562
26.5622702206 0.00161348250341
26.6210363051 0.00154618355729
26.6798023897 0.00162089977399
26.7385684743 0.00161598261731
26.7973345588 0.00159717796269
26.8561006434 0.00160869628618
26.9148667279 0.0016035881762
26.9736328125 0.0015876342907
27.0323988971 0.00157445479122
27.0911649816 0.00156653813961
27.1499310662 0.00160777480141
27.2086971507 0.00158732706057
27.2674632353 0.00157927722333
27.3262293199 0.00161705442784
27.3849954044 0.0016076099189
27.443761489 0.00159883118645
27.5025275735 0.00160857863826
27.5612936581 0.0016094697304
27.6200597426 0.00156966559944
27.6788258272 0.00161781911495
27.7375919118 0.00160963266918
27.7963579963 0.00157698992084
27.8551240809 0.00161530239544
27.9138901654 0.00160810148746
27.97265625 0.00159689206243
28.0314223346 0.00160976447755
28.0901884191 0.00160997908275
28.1489545037 0.00160074244954
28.2077205882 0.0016258361538
28.2664866728 0.00161819441694
28.3252527574 0.00160307981341
28.3840188419 0.00162332987903
28.4427849265 0.00162195012732
28.501551011 0.00160668444542
28.5603170956 0.00161961445536
28.6190831801 0.00163260574163
28.6778492647 0.00161187727161
28.7366153493 0.00164431777791
28.7953814338 0.00172671984943
28.8541475184 0.00153978654192
28.9129136029 0.00160535924116
28.9716796875 0.00167451085124
29.0304457721 0.00161970216499
29.0892118566 0.00161421617338
29.1479779412 0.00168819872665
29.2067440257 0.00187024750754
29.2655101103 0.00169767258696
29.3242761949 0.00203174960631
29.3830422794 0.00411111988388
29.441808364 0.00329508903133
29.5005744485 0.00165450071294
29.5593405331 0.00297823329362
29.6181066176 0.00396936778496
29.6768727022 0.0021255875206
29.7356387868 0.00175251984416
29.7944048713 0.00197188409097
29.8531709559 0.00177933249686
29.9119370404 0.00170290950919
29.970703125 0.0017590654352
30.0294692096 0.00172549769069
30.0882352941 0.00168786119252
30.1470013787 0.00172549769069
30.2057674632 0.0017590654352
30.2645335478 0.00170290950919
30.3232996324 0.00177933249686
30.3820657169 0.00197188409097
30.4408318015 0.00175251984416
30.499597886 0.0021255875206
30.5583639706 0.00396936778496
30.6171300551 0.00297823329362
30.6758961397 0.00165450071294
30.7346622243 0.00329508903133
30.7934283088 0.00411111988388
30.8521943934 0.00203174960631
30.9109604779 0.00169767258696
30.9697265625 0.00187024750754
31.0284926471 0.00168819872665
31.0872587316 0.00161421617338
31.1460248162 0.00161970216499
31.2047909007 0.00167451085124
31.2635569853 0.00160535924116
31.3223230699 0.00153978654192
31.3810891544 0.00172671984943
31.439855239 0.00164431777791
31.4986213235 0.00161187727161
31.5573874081 0.00163260574163
31.6161534926 0.00161961445536
31.6749195772 0.00160668444542
31.7336856618 0.00162195012732
31.7924517463 0.00162332987903
31.8512178309 0.00160307981341
31.9099839154 0.00161819441694
31.96875 0.0016258361538
32.0275160846 0.00160074244954
32.0862821691 0.00160997908275
32.1450482537 0.00160976447755
32.2038143382 0.00159689206243
32.2625804228 0.00160810148746
32.3213465074 0.00161530239544
32.3801125919 0.00157698992084
32.4388786765 0.00160963266918
32.497644761 0.00161781911495
32.5564108456 0.00156966559944
32.6151769301 0.0016094697304
32.6739430147 0.00160857863826
32.7327090993 0.00159883118645
32.7914751838 0.0016076099189
32.8502412684 0.00161705442784
32.9090073529 0.00157927722333
32.9677734375 0.00158732706057
33.0265395221 0.00160777480141
33.0853056066 0.00156653813961
33.1440716912 0.00157445479122
33.2028377757 0.0015876342907
33.2616038603 0.0016035881762
33.3203699449 0.00160869628618
33.3791360294 0.00159717796269
33.437902114 0.00161598261731
33.4966681985 0.00162089977399
33.5554342831 0.00154618355729
33.6142003676 0.00161348250341
33.6729664522 0.00162449555562
33.7317325368 0.00151351733701
33.7904986213 0.00159548666995
33.8492647059 0.0016237080154
33.9080307904 0.00162215711933
33.966796875 0.00161357686869
34.0255629596 0.00164816535847
34.0843290441 0.00168606338881
34.1430951287 0.00152152323844
34.2018612132 0.00162211745298
34.2606272978 0.00170544306495
34.3193933824 0.00140171740003
34.3781594669 0.00154324117612
34.4369255515 0.00158388271721
34.495691636 0.00155450280686
34.5544577206 0.00158605959994
34.6132238051 0.00158822122934
34.6719898897 0.00154672469717
34.7307559743 0.00162549588868
34.7895220588 0.00158665658042
34.8482881434 0.00153546699836
34.9070542279 0.00167151065386
34.9658203125 0.00159127535344
35.0245863971 0.00161382128017
35.0833524816 0.00162731173048
35.1421185662 0.00161140473159
35.2008846507 0.00160739876045
35.2596507353 0.00164710537524
35.3184168199 0.00157884485154
35.3771829044 0.00160058135051
35.435948989 0.0016700482602
35.4947150735 0.00152659089746
35.5534811581 0.00161983959191
35.6122472426 0.00161660515962
35.6710133272 0.00159311728777
35.7297794118 0.00162247916663
35.7885454963 0.00159758694201
35.8473115809 0.00154170901834
35.9060776654 0.00170315609167
35.96484375 0.0016118530833
36.0236098346 0.00150125389286
36.0823759191 0.00185440940245
36.1411420037 0.00172636660862
36.1999080882 0.00168000014541
36.2586741728 0.00169453159835
36.3174402574 0.00168807811624
36.3762063419 0.00166051835095
36.4349724265 0.00163435021748
36.493738511 0.00169239922688
36.5525045956 0.00166026628865
36.6112706801 0.00157482473449
36.6700367647 0.0017376838854
36.7288028493 0.00171790910251
36.7875689338 0.00168719214677
36.8463350184 0.00170706684947
36.9051011029 0.00169741216104
36.9638671875 0.00168751319771
37.0226332721 0.00168811469825
37.0813993566 0.00168765695942
37.1401654412 0.00169499920585
37.1989315257 0.00167557607988
37.2576976103 0.00168140609232
37.3164636949 0.00175654684164
37.3752297794 0.00173115829216
37.433995864 0.00172574401706
37.4927619485 0.00173832061531
37.5515280331 0.00173451940069
37.6102941176 0.00171557876284
37.6690602022 0.00174636356953
37.7278262868 0.00174180083251
37.7865923713 0.00169570794818
37.8453584559 0.00177762113958
37.9041245404 0.0017537878961
37.962890625 0.00174427633248
38.0216567096 0.00176242927548
38.0804227941 0.00176224795566
38.1391888787 0.00175736554955
38.1979549632 0.00177896771232
38.2567210478 0.00177590293431
38.3154871324 0.00176843477428
38.3742532169 0.00180415862293
38.4330193015 0.00178824231365
38.491785386 0.00177115788727
38.5505514706 0.00178916029433
38.6093175551 0.00180012583497
38.6680836397 0.00178594330862
38.7268497243 0.00181565698779
38.7856158088 0.00184586594427
38.8443818934 0.00174857017601
38.9031479779 0.00183412583328
38.9619140625 0.00191731392088
39.0206801471 0.00178620518061
39.0794462316 0.00180479319394
39.1382123162 0.00187444483691
39.1969784007 0.00196114383349
39.2557444853 0.00187605554875
39.3145105699 0.00207097996206
39.3732766544 0.00271906092063
39.432042739 0.00239133956841
39.4908088235 0.00216424370603
39.5495749081 0.0046809949914
39.6083409926 0.00934060335957
39.6671070772 0.00300423138837
39.7258731618 0.00219853873485
39.7846392463 0.00248826117979
39.8434053309 0.0020899485321
39.9021714154 0.00199020481122
39.9609375 0.00205849886505
40.0197035846 0.00198581525565
40.0784696691 0.00195283496965
40.1372357537 0.0019950900944
40.1960018382 0.00200160890521
40.2547679228 0.00196476587201
40.3135340074 0.00203474780754
40.3723000919 0.00213127624594
40.4310661765 0.0020016440064
40.489832261 0.00224205782728
40.5485983456 0.002865868825
40.6073644301 0.00222166068059
40.6661305147 0.00248490241143
40.7248965993 0.00515904813223
40.7836626838 0.0104353530288
40.8424287684 0.00297750393232
40.9011948529 0.00220389186011
40.9599609375 0.00242762155968
41.0187270221 0.00203505403014
41.0774931066 0.00193538698132
41.1362591912 0.00196543973807
41.1950252757 0.00193772761668
41.2537913603 0.00187189211254
41.3125574449 0.0018071932462
41.3713235294 0.00233691286716
41.430089614 0.00199900647128
41.4888556985 0.00194762490867
41.5476217831 0.00197252334743
41.6063878676 0.00195215290409
41.6651539522 0.00194218663194
41.7239200368 0.00195818905617
41.7826861213 0.00195411865864
41.8414522059 0.00194640795858
41.9002182904 0.00197475625707
41.958984375 0.00199014518385
42.0177504596 0.00194121366471
42.0765165441 0.00195970104732
42.1352826287 0.00195986501106
42.1940487132 0.00195066372218
42.2528147978 0.00196702654944
42.3115808824 0.00197133583543
42.3703469669 0.00195015729259
42.4291130515 0.00198317929814
42.487879136 0.00199837267694
42.5466452206 0.00190320192739
42.6054113051 0.00200711483295
42.6641773897 0.001993897021
42.7229434743 0.00198920262322
42.7817095588 0.00200337747666
42.8404756434 0.0020098807863
42.8992417279 0.00198658234799
42.9580078125 0.0019997361169
43.0167738971 0.00202193650725
43.0755399816 0.00190908707365
43.1343060662 0.00195444845862
43.1930721507 0.00200845566074
43.2518382353 0.00204558983373
43.3106043199 0.0020435275906
43.3693704044 0.0020363602959
43.428136489 0.00205804609653
43.4869025735 0.00206292460839
43.5456686581 0.00201445790678
43.6044347426 0.00208720240589
43.6632008272 0.0020655604387
43.7219669118 0.00181360379923
43.7807329963 0.00209301154525
43.8394990809 0.00212369088519
43.8982651654 0.0021123427641
43.95703125 0.00211212631767
44.0157973346 0.00215017270413
44.0745634191 0.00215767809842
44.1333295037 0.0020809274794
44.1920955882 0.00218353480456
44.2508616728 0.00226803580158
44.3096277574 0.00151954795993
44.3683938419 0.00200619320959
44.4271599265 0.00209517458069
44.485926011 0.00205806037115
44.5446920956 0.00211003638155
44.6034581801 0.00211738540671
44.6622242647 0.00209463619838
44.7209903493 0.00215141521455
44.7797564338 0.00212303808802
44.8385225184 0.00201892219218
44.8972886029 0.00237475587657
44.9560546875 0.00213884683033
45.0148207721 0.00222361231726
45.0735868566 0.00222280281674
45.1323529412 0.00220558615191
45.1911190257 0.0022126635286
45.2498851103 0.00224200612866
45.3086511949 0.0022047610378
45.3674172794 0.00218900381336
45.426183364 0.00237977440647
45.4849494485 0.00198575409544
45.5437155331 0.0022916830669
45.6024816176 0.00226222942444
45.6612477022 0.00224032582807
45.7200137868 0.00227502813191
45.7787798713 0.00225337923437
45.8375459559 0.00222426272023
45.8963120404 0.00232666081532
45.955078125 0.00219785837981
46.0138442096 0.00206225768434
46.0726102941 0.00307361616057
46.1313763787 0.00253171913107
46.1901424632 0.00243453318685
46.2489085478 0.00244805661339
46.3076746324 0.00242937420079
46.3664407169 0.00239015053062
46.4252068015 0.00238962900607
46.483972886 0.00241190022567
46.5427389706 0.00233881086909
46.6015050551 0.00219529050778
46.6602711397 0.00270932258594
46.7190372243 0.00259044562118
46.7778033088 0.00249556021661
46.8365693934 0.00254113962311
46.8953354779 0.0025154719835
46.9541015625 0.00250415936558
47.0128676471 0.00251922750579
47.0716337316 0.00251780958658
47.1303998162 0.00247884757713
47.1891659007 0.00247770724796
47.2479319853 0.00254121429484
47.3066980699 0.00275791341672
47.3654641544 0.00264771993998
47.424230239 0.00264483297065
47.4829963235 0.0026611512727
47.5417624081 0.00265075434157
47.6005284926 0.00264330618008
47.6592945772 0.00266741574383
47.7180606618 0.00267230980185
47.7768267463 0.00256922002164
47.8355928309 0.00284260590578
47.8943589154 0.00272689827334
47.953125 0.00272067566866
48.0118910846 0.00275788650188
48.0706571691 0.00276097495091
48.1294232537 0.00276591078078
48.1881893382 0.00280203941166
48.2469554228 0.00281058168548
48.3057215074 0.00281668555684
48.3644875919 0.00290263500703
48.4232536765 0.00283190890976
48.482019761 0.00280341412467
48.5407858456 0.00284538447469
48.5995519301 0.00287270174755
48.6583180147 0.00287673718008
48.7170840993 0.002918373477
48.7758501838 0.00294540954133
48.8346162684 0.00290436682556
48.8933823529 0.00302387553126
48.9521484375 0.00314059461292
49.0109145221 0.00355191375956
49.0696806066 0.00305085047045
49.1284466912 0.00312616803711
49.1872127757 0.00319725632731
49.2459788603 0.00319977535903
49.3047449449 0.00342598979731
49.3635110294 0.00378064146512
49.422277114 0.00338078087409
49.4810431985 0.00459588812711
49.5398092831 0.00909228488271
49.5985753676 0.0391221577895
49.6573414522 0.0064723883857
49.7161075368 0.00424057568941
49.7748736213 0.00436206330459
49.8336397059 0.00357114600875
49.8924057904 0.00342857977874
49.951171875 0.00349227210206
50.0099379596 0.00338578207951
50.0687040441 0.00336880362677
50.1274701287 0.00343050170665
50.1862362132 0.00344121354643
50.2450022978 0.00344519311864
50.3037683824 0.00354963269082
50.3625344669 0.00364477505841
50.4213005515 0.0036234647917
50.480066636 0.00391806175381
50.5388327206 0.00432868471648
50.5975988051 0.00382543640567
50.6563648897 0.00566138932396
50.7151309743 0.010403470328
50.7738970588 0.0495869980023
50.8326631434 0.00673330678979
50.8914292279 0.00459481552736
50.9501953125 0.0044423757701
51.0089613971 0.00362680522893
51.0677274816 0.00346892477471
51.1264935662 0.00348973922623
51.1852596507 0.00339251282397
51.2440257353 0.00330370254465
51.3027918199 0.00311966998136
51.3615579044 0.00664036960291
51.420323989 0.00381641650607
51.4790900735 0.00366850081257
51.5378561581 0.00369975219058
51.5966222426 0.00367321160116
51.6553883272 0.0036745553442
51.7141544118 0.0037043215378
51.7729204963 0.00371230523896
51.8316865809 0.003747216235
51.8904526654 0.00384542190025
51.94921875 0.00391635304342
52.0079848346 0.00367851008715
52.0667509191 0.00376867257391
52.1255170037 0.00378267877181
52.1842830882 0.0037877589933
52.2430491728 0.00384152389333
52.3018152574 0.00386306863162
52.3605813419 0.00385605025847
52.4193474265 0.00393579660173
52.478113511 0.00399518738559
52.5368795956 0.00364509461683
52.5956456801 0.00417868025827
52.6544117647 0.00405117218923
52.7131778493 0.00407294690683
52.7719439338 0.0041063493523
52.8307100184 0.00412562632773
52.8894761029 0.00409453423683
52.9482421875 0.00411258984971
53.0070082721 0.0041656650744
53.0657743566 0.00359112962677
53.1245404412 0.00398748580678
53.1833065257 0.00439052254131
53.2420726103 0.00453890642974
53.3008386949 0.00444889167901
53.3596047794 0.00443719387213
53.418370864 0.00451486215711
53.4771369485 0.00452724072904
53.5359030331 0.00441885822204
53.5946691176 0.00463836615174
53.6534352022 0.00444724711881
53.7122012868 0.0031378886773
53.7709673713 0.0052578032908
53.8297334559 0.00513864188981
53.8884995404 0.00502835577683
53.947265625 0.00501860788715
54.0060317096 0.00512364186112
54.0647977941 0.00507887907613
54.1235638787 0.00508635841526
54.1823299632 0.00524247118496
54.2410960478 0.00527889121627
54.2998621324 0.00140350058191
54.3586282169 0.00489847832594
54.4173943015 0.00528829406298
54.476160386 0.00510830931992
54.5349264706 0.00528447238033
54.5936925551 0.00532629492352
54.6524586397 0.00530130595715
54.7112247243 0.00539481592555
54.7699908088 0.005409810092
54.8287568934 0.00513518485389