0.0 2.01060520235
0.0587660845588 0.142380158623
0.117532169118 0.14649010142
0.176298253676 0.169390664711
0.235064338235 0.166503390738
0.293830422794 0.190494065567
0.352596507353 0.229829334207
0.411362591912 0.27348895421
0.470128676471 0.391372804887
0.528894761029 0.736138060731
0.587660845588 26.355669027
0.646426930147 0.780687510866
0.705193014706 0.377549003186
0.763959099265 0.233555951002
0.822725183824 0.152152798888
0.881491268382 0.117022559566
0.940257352941 0.0956262070995
0.9990234375 0.0987322115666
1.05778952206 0.0869966639957
1.11655560662 0.131429725687
1.17532169118 2.33503245444
1.23408777574 0.144777719179
1.29285386029 0.0794073989025
1.35161994485 0.0602798633307
1.41038602941 0.0497679264621
1.46915211397 0.0423436645964
1.52791819853 0.0362139245495
1.58668428309 0.0321527087306
1.64545036765 0.0299173529892
1.70421645221 0.023446718871
1.76298253676 0.196753887826
1.82174862132 0.0281223397069
1.88051470588 0.0218292557485
1.93928079044 0.0215831986805
1.998046875 0.019830336599
2.05681295956 0.0181458328368
2.11557904412 0.0171114327347
2.17434512868 0.0154251860508
2.23311121324 0.0125824452777
2.29187729779 0.00602427474395
2.35064338235 0.0158624620446
2.40940946691 0.0308998934267
2.46817555147 0.0185964384674
2.52694163603 0.0169540019731
2.58570772059 0.0149752098996
2.64447380515 0.0146744975738
2.70323988971 0.0140660573923
2.76200597426 0.0143057715998
2.82077205882 0.0129423339777
2.87953814338 0.0106753812055
2.93830422794 0.0180285024233
2.9970703125 0.00606550342154
3.05583639706 0.0091730053949
3.11460248162 0.0100312213126
3.17336856618 0.0103536790878
3.23213465074 0.0099268754545
3.29090073529 0.00925938144083
3.34966681985 0.00917766451473
3.40843290441 0.0089690115973
3.46719898897 0.00874414921999
3.52596507353 0.0153876880682
3.58473115809 0.0113424324877
3.64349724265 0.00780883618087
3.70226332721 0.00853925154815
3.76102941176 0.00828335207909
3.81979549632 0.00811468660168
3.87856158088 0.00828418299901
3.93732766544 0.0074778248331
3.99609375 0.00794731592618
4.05485983456 0.00825707124895
4.11362591912 0.00767471541208
4.17239200368 0.00613903178755
4.23115808824 0.00528788655179
4.28992417279 0.00615020891536
4.34869025735 0.00547955310832
4.40745634191 0.00578011600995
4.46622242647 0.00560719571675
4.52498851103 0.00610418858042
4.58375459559 0.00449000559204
4.64252068015 0.0031376201815
4.70128676471 0.0124832887638
4.76005284926 0.00550197704105
4.81881893382 0.00645307605164
4.87758501838 0.00534059579544
4.93635110294 0.00593630469882
4.9951171875 0.0055995969327
5.05388327206 0.0053123148946
5.11264935662 0.00560635155466
5.17141544118 0.00480726272985
5.23018152574 0.00524878894359
5.28894761029 0.00499372619866
5.34771369485 0.00814233917391
5.40647977941 0.00601773511744
5.46524586397 0.00518123877947
5.52401194853 0.00527228771407
5.58277803309 0.0051972558967
5.64154411765 0.0052846079201
5.70031020221 0.00488576246422
5.75907628676 0.0051439418346
5.81784237132 0.00448993456643
5.87660845588 0.00363595050801
5.93537454044 0.00381279659622
5.994140625 0.00425716177364
6.05290670956 0.00442688698031
6.11167279412 0.00411988837088
6.17043887868 0.0042247475983
6.22920496324 0.00418821771875
6.28797104779 0.00437227239354
6.34673713235 0.00420893337687
6.40550321691 0.00489167239067
6.46426930147 0.00566729817875
6.52303538603 0.00374645921112
6.58180147059 0.00372390453054
6.64056755515 0.00379442254467
6.69933363971 0.00387754170064
6.75809972426 0.00370460403333
6.81686580882 0.00371540527676
6.87563189338 0.0037931525294
6.93439797794 0.00398526983645
6.9931640625 0.0045741804692
7.05193014706 0.00254490603386
7.11069623162 0.00353712568441
7.16946231618 0.00329064403878
7.22822840074 0.0031575951833
7.28699448529 0.00322098736566
7.34576056985 0.00320547869251
7.40452665441 0.00319717552381
7.46329273897 0.00304256465338
7.52205882353 0.00298248126875
7.58082490809 0.00207026279121
7.63959099265 0.0041670141037
7.69835707721 0.00437340908785
7.75712316176 0.00348826754729
7.81588924632 0.00320129751562
7.87465533088 0.00308959990093
7.93342141544 0.00307025813601
7.9921875 0.00288779823518
8.05095358456 0.00270016524529
8.10971966912 0.00270186249673
8.16848575368 0.00225913942209
8.22725183824 0.00437519677917
8.28601792279 0.00485264945905
8.34478400735 0.00372392376105
8.40355009191 0.00345771328883
8.46231617647 0.00377453824845
8.52108226103 0.00351880191536
8.57984834559 0.00372182178028
8.63861443015 0.00471622362977
8.69738051471 0.00476324237374
8.75614659926 0.00728581609019
8.81491268382 0.0429680697594
8.87367876838 0.0057360809663
8.93244485294 0.00200388410609
8.9912109375 0.00137675425865
9.04997702206 2.72009021186e-05
9.10874310662 0.000329330039889
9.16750919118 0.00117141968635
9.22627527574 0.00379977735248
9.28504136029 0.00403400982865
9.34380744485 0.0108025179232
9.40257352941 0.0962517707267
9.46133961397 0.0212501507036
9.52010569853 0.011082116246
9.57887178309 0.00539237989387
9.63763786765 0.00774625600666
9.69640395221 0.00663124839238
9.75517003676 0.00536968669797
9.81393612132 0.00576796744397
9.87270220588 0.00553309935123
9.93146829044 0.00497416428794
9.990234375 0.00520924584491
10.0490004596 0.0053218482632
10.1077665441 0.00496446665623
10.1665326287 0.00527731432715
10.2252987132 0.0058606594225
10.2840647978 0.00554921046585
10.3428308824 0.00632821894997
10.4015969669 0.00869648710844
10.4603630515 0.00846838891325
10.519129136 0.0139875645198
10.5778952206 0.0796552503355
10.6366613051 0.0147231999488
10.6954273897 0.00566714722226
10.7541934743 0.00230393577156
10.8129595588 0.00285840833404
10.8717256434 0.00191611302568
10.9304917279 0.00116684543574
10.9892578125 0.000746278349983
11.0480238971 0.000370175102931
11.1067899816 0.00170975242822
11.1655560662 0.0227159864266
11.2243221507 0.00820431961146
11.2830882353 0.00486915531339
11.3418543199 0.00286666794542
11.4006204044 0.00397638300232
11.459386489 0.00352685348574
11.5181525735 0.00305147843621
11.5769186581 0.0033503546549
11.6356847426 0.00321591851787
11.6944508272 0.00317284671458
11.7532169118 0.0064944066801
11.8119829963 0.00203256031953
11.8707490809 0.00229733841956
11.9295151654 0.00265444275225
11.98828125 0.00240424072782
12.0470473346 0.00235529300731
12.1058134191 0.00243436337829
12.1645795037 0.00235975196089
12.2233455882 0.00225136000057
12.2821116728 0.00212962474684
12.3408777574 0.00252031130299
12.3996438419 0.00304932539666
12.4584099265 0.00246810195648
12.517176011 0.00246267168762
12.5759420956 0.00241612959211
12.6347081801 0.00240003578634
12.6934742647 0.00238582990272
12.7522403493 0.00237967005724
12.8110064338 0.00231174165221
12.8697725184 0.00225854940649
12.9285386029 0.00251288395983
12.9873046875 0.00186205178572
13.0460707721 0.00220683644968
13.1048368566 0.00225894618654
13.1636029412 0.002231118658
13.2223690257 0.00223022923478
13.2811351103 0.00218601110241
13.3399011949 0.00220323983909
13.3986672794 0.00220052751531
13.457433364 0.00216991901172
13.5161994485 0.00226742815603
13.5749655331 0.00220947957623
13.6337316176 0.00213043396718
13.6924977022 0.00215127573604
13.7512637868 0.00216142047299
13.8100298713 0.00213638177395
13.8687959559 0.00215081120342
13.9275620404 0.00209237479344
13.986328125 0.0021295628471
14.0450942096 0.00215303636284
14.1038602941 0.00208449938415
14.1626263787 0.0019420838291
14.2213924632 0.00190664376497
14.2801585478 0.00198982534402
14.3389246324 0.00193126771339
14.3976907169 0.00196494944648
14.4564568015 0.00196330526544
14.515222886 0.00200419272079
14.5739889706 0.00186692321769
14.6327550551 0.00182089493691
14.6915211397 0.00262640291171
14.7502872243 0.00189238566959
14.8090533088 0.0020083148846
14.8678193934 0.00197255912604
14.9265854779 0.00197648144001
14.9853515625 0.00194695994307
15.0441176471 0.00192583566396
15.1028837316 0.00195458743971
15.1616498162 0.00187334176792
15.2204159007 0.00192909009494
15.2791819853 0.00168131919389
15.3379480699 0.00237077272285
15.3967141544 0.00200758592024
15.455480239 0.00187200395217
15.5142463235 0.0019786034728
15.5730124081 0.00193023525461
15.6317784926 0.00191824851413
15.6905445772 0.00187136929645
15.7493106618 0.00189945676088
15.8080767463 0.00180310444612
15.8668428309 0.00171348514633
15.9256089154 0.00176470404343
15.984375 0.00182038508521
16.0431410846 0.00182384243392
16.1019071691 0.00178954231127
16.1606732537 0.00181941021154
16.2194393382 0.0018113032012
16.2782054228 0.00183095438548
16.3369715074 0.00181985664174
16.3957375919 0.00183918340771
16.4545036765 0.0018929623061
16.513269761 0.00175187373383
16.5720358456 0.00174584428951
16.6308019301 0.00177236539355
16.6895680147 0.00176494427748
16.7483340993 0.0017354753794
16.8071001838 0.00175329912844
16.8658662684 0.00176055157276
16.9246323529 0.0017792135869
16.9833984375 0.00183575983009
17.0421645221 0.00149115726571
17.1009306066 0.00173352044806
17.1596966912 0.00168468790451
17.2184627757 0.00162788880592
17.2772288603 0.00166962080955
17.3359949449 0.00166905229909
17.3947610294 0.00166304793606
17.453527114 0.00163714434422
17.5122931985 0.0016406265644
17.5710592831 0.00153481912995
17.6298253676 0.00190286625797
17.6885914522 0.00187982542191
17.7473575368 0.00168077434747
17.8061236213 0.00166025524069
17.8648897059 0.00165287851995
17.9236557904 0.00165459875667
17.982421875 0.00156527602494
18.0411879596 0.00151807724537
18.0999540441 0.00160118811654
18.1587201287 0.00137142391261
18.2174862132 0.000422251466859
18.2762522978 0.0024685682416
18.3350183824 0.0019026041778
18.3937844669 0.00172820034531
18.4525505515 0.0022095397065
18.511316636 0.00192820925642
18.5700827206 0.00208456722828
18.6288488051 0.00263211597832
18.6876148897 0.00225043960362
18.7463809743 0.00320213829364
18.8051470588 0.00929769803798
18.8639131434 0.00230823795677
18.9226792279 0.000572262715412
18.9814453125 0.0019485201531
19.0402113971 0.000302146682306
19.0989774816 0.000379551760026
19.1577435662 0.000863624710468
19.2165096507 0.00195875335564
19.2752757353 0.0012230569749
19.3340418199 0.00370089510768
19.3928079044 0.0191842070185
19.451573989 0.0106679402468
19.5103400735 0.00448980300162
19.5691061581 0.00150383393922
19.6278722426 0.00561619198323
19.6866383272 0.0039304156917
19.7454044118 0.00278887878328
19.8041704963 0.00355060479107
19.8629365809 0.0032285188255
19.9217026654 0.00274166278929
19.98046875 0.00309811165815
20.0392348346 0.0031138685213
20.0980009191 0.00276491071881
20.1567670037 0.00309259912357
20.2155330882 0.00342040029304
20.2742991728 0.00300382941326
20.3330652574 0.00357166031039
20.3918313419 0.00479885235744
20.4505974265 0.00384331514373
20.509363511 0.00618590825324
20.5681295956 0.0194280508448
20.6268956801 0.0073508064462
20.6856617647 0.00161410751891
20.7444278493 0.00401376256982
20.8031939338 0.00294627358349
20.8619600184 0.00120310441234
20.9207261029 0.00073821621086
20.9794921875 0.000556267918319
21.0382582721 0.000466712717113
21.0970243566 0.000490911008985
21.1557904412 0.0048420177661
21.2145565257 0.00436446600177
21.2733226103 0.00222380190188
21.3320886949 0.000674348068515
21.3908547794 0.00292560052855
21.449620864 0.00218960494966
21.5083869485 0.00174484864167
21.5671530331 0.00213052838344
21.6259191176 0.00192916685177
21.6846852022 0.00184039493272
21.7434512868 0.0027095951275
21.8022173713 0.0012687884607
21.8609834559 0.00146633962205
21.9197495404 0.0018450482234
21.978515625 0.00139712652234
22.0372817096 0.00143500420977
22.0960477941 0.00154941795316
22.1548138787 0.00148745155526
22.2135799632 0.00145345904966
22.2723460478 0.00148279641135
22.3311121324 0.00159522511207
22.3898782169 0.0016900910453
22.4486443015 0.0015057643519
22.507410386 0.00155000445077
22.5661764706 0.00156034416689
22.6249425551 0.00151421615648
22.6837086397 0.00151605306996
22.7424747243 0.0015023563869
22.8012408088 0.00148538040522
22.8600068934 0.0014820092181
22.9187729779 0.0015309152267
22.9775390625 0.00134686806581
23.0363051471 0.0014852723426
23.0950712316 0.00150169865834
23.1538373162 0.00144057262116
23.2126034007 0.00148426463134
23.2713694853 0.00146755289778
23.3301355699 0.00147581159474
23.3889016544 0.00147737886575
23.447667739 0.00145665450422
23.5064338235 0.00146407869831
23.5651999081 0.00148311772902
23.6239659926 0.00145605684135
23.6827320772 0.00146065873773
23.7414981618 0.00147741784445
23.8002642463 0.00145937524949
23.8590303309 0.00146744339236
23.9177964154 0.00145223488501
23.9765625 0.00145856820244
24.0353285846 0.00146518891078
24.0940946691 0.00143260511862
24.1528607537 0.00139273138061
24.2116268382 0.00139950433538
24.2703929228 0.00142286883924
24.3291590074 0.00139168618872
24.3879250919 0.00140839289585
24.4466911765 0.00142307078483
24.505457261 0.00143511741435
24.5642233456 0.00139580336634
24.6229894301 0.00141129922443
24.6817555147 0.00164501675328
24.7405215993 0.00136641609288
24.7992876838 0.00143011191886
24.8580537684 0.00150338378169
24.9168198529 0.00140707502174
24.9755859375 0.00142301786507
25.0343520221 0.00141448233178
25.0931181066 0.00142446387997
25.1518841912 0.00140474617754
25.2106502757 0.00142111562189
25.2694163603 0.00134830927465
25.3281824449 0.00159273711993
25.3869485294 0.0014324529465
25.445714614 0.00136340944711
25.5044806985 0.00151615712959
25.5632467831 0.00142217759612
25.6220128676 0.00140197748463
25.6807789522 0.00140416405967
25.7395450368 0.00140666062262
25.7983111213 0.00137155352924
25.8570772059 0.00134497928418
25.9158432904 0.00137899181311
25.974609375 0.00138562797042
26.0333754596 0.00137469361556
26.0921415441 0.00137944126363
26.1509076287 0.00140349871273
26.2096737132 0.00139791141588
26.2684397978 0.00140212331879
26.3272058824 0.00140409451738
26.3859719669 0.00139843306636
26.4447380515 0.00141917155777
26.503504136 0.00138169714501
26.5622702206 0.00137827496779
26.6210363051 0.00140187739023
26.6798023897 0.00138260941852
26.7385684743 0.00137264973934
26.7973345588 0.0013908299172
26.8561006434 0.0013901088613
26.9148667279 0.00138879194897
26.9736328125 0.00140495406711
27.0323988971 0.00128842286225
27.0911649816 0.00139788082678
27.1499310662 0.00137963266082
27.2086971507 0.00130242393453
27.2674632353 0.00137808124429
27.3262293199 0.00136848697369
27.3849954044 0.00136453953739
27.443761489 0.00136206255461
27.5025275735 0.00137485023796
27.5612936581 0.00135368635332
27.6200597426 0.00147657269422
27.6788258272 0.00144752304127
27.7375919118 0.00135946689713
27.7963579963 0.00142349050759
27.8551240809 0.00141061106902
27.9138901654 0.00137820989777
27.97265625 0.0013144366128
28.0314223346 0.00131533375965
28.0901884191 0.00139178598869
28.1489545037 0.00123957454337
28.2077205882 0.00100378886864
28.2664866728 0.00187904077813
28.3252527574 0.00144270529711
28.3840188419 0.00127342585545
28.4427849265 0.00201381106288
28.501551011 0.0015987514976
28.5603170956 0.00172419212454
28.6190831801 0.00205108742855
28.6778492647 0.00162792044315
28.7366153493 0.0021960884117
28.7953814338 0.00408384375547
28.8541475184 0.00105973997161
28.9129136029 0.00110854098106
28.9716796875 0.00287717913346
29.0304457721 0.0013576080168
29.0892118566 0.000320696424134
29.1479779412 0.00065641263521
29.2067440257 0.00103341319885
29.2655101103 0.000626374387809
29.3242761949 0.0017138788042
29.3830422794 0.00651130423288
29.441808364 0.00667455563027
29.5005744485 0.00170425837002
29.5593405331 0.00396722137381
29.6181066176 0.00830409759595
29.6768727022 0.00404014213177
29.7356387868 0.00260446025601
29.7944048713 0.0035603584409
29.8531709559 0.00291603849641
29.9119370404 0.00241353116239
29.970703125 0.00282457779715
30.0294692096 0.00268811701806
30.0882352941 0.00234622287399
30.1470013787 0.00268811701806
30.2057674632 0.00282457779715
30.2645335478 0.00241353116238
30.3232996324 0.00291603849641
30.3820657169 0.0035603584409
30.4408318015 0.00260446025601
30.499597886 0.00404014213177
30.5583639706 0.00830409759595
30.6171300551 0.00396722137381
30.6758961397 0.00170425837003
30.7346622243 0.00667455563027
30.7934283088 0.00651130423288
30.8521943934 0.0017138788042
30.9109604779 0.000626374387808
30.9697265625 0.00103341319885
31.0284926471 0.00065641263521
31.0872587316 0.000320696424134
31.1460248162 0.0013576080168
31.2047909007 0.00287717913346
31.2635569853 0.00110854098106
31.3223230699 0.00105973997161
31.3810891544 0.00408384375547
31.439855239 0.0021960884117
31.4986213235 0.00162792044315
31.5573874081 0.00205108742855
31.6161534926 0.00172419212454
31.6749195772 0.0015987514976
31.7336856618 0.00201381106288
31.7924517463 0.00127342585545
31.8512178309 0.00144270529711
31.9099839154 0.00187904077813
31.96875 0.00100378886864
32.0275160846 0.00123957454337
32.0862821691 0.00139178598869
32.1450482537 0.00131533375965
32.2038143382 0.0013144366128
32.2625804228 0.00137820989777
32.3213465074 0.00141061106902
32.3801125919 0.00142349050759
32.4388786765 0.00135946689713
32.497644761 0.00144752304127
32.5564108456 0.00147657269422
32.6151769301 0.00135368635332
32.6739430147 0.00137485023796
32.7327090993 0.00136206255461
32.7914751838 0.00136453953739
32.8502412684 0.00136848697369
32.9090073529 0.00137808124429
32.9677734375 0.00130242393453
33.0265395221 0.00137963266082
33.0853056066 0.00139788082678
33.1440716912 0.00128842286225
33.2028377757 0.00140495406711
33.2616038603 0.00138879194897
33.3203699449 0.0013901088613
33.3791360294 0.0013908299172
33.437902114 0.00137264973934
33.4966681985 0.00138260941852
33.5554342831 0.00140187739023
33.6142003676 0.00137827496779
33.6729664522 0.00138169714501
33.7317325368 0.00141917155777
33.7904986213 0.00139843306636
33.8492647059 0.00140409451738
33.9080307904 0.00140212331879
33.966796875 0.00139791141588
34.0255629596 0.00140349871273
34.0843290441 0.00137944126363
34.1430951287 0.00137469361556
34.2018612132 0.00138562797042
34.2606272978 0.00137899181311
34.3193933824 0.00134497928418
34.3781594669 0.00137155352924
34.4369255515 0.00140666062263
34.495691636 0.00140416405967
34.5544577206 0.00140197748463
34.6132238051 0.00142217759612
34.6719898897 0.00151615712959
34.7307559743 0.00136340944711
34.7895220588 0.0014324529465
34.8482881434 0.00159273711993
34.9070542279 0.00134830927465
34.9658203125 0.00142111562189
35.0245863971 0.00140474617754
35.0833524816 0.00142446387997
35.1421185662 0.00141448233178
35.2008846507 0.00142301786507
35.2596507353 0.00140707502174
35.3184168199 0.00150338378169
35.3771829044 0.00143011191886
35.435948989 0.00136641609288
35.4947150735 0.00164501675328
35.5534811581 0.00141129922443
35.6122472426 0.00139580336634
35.6710133272 0.00143511741435
35.7297794118 0.00142307078483
35.7885454963 0.00140839289585
35.8473115809 0.00139168618872
35.9060776654 0.00142286883924
35.96484375 0.00139950433538
36.0236098346 0.00139273138061
36.0823759191 0.00143260511862
36.1411420037 0.00146518891078
36.1999080882 0.00145856820244
36.2586741728 0.00145223488501
36.3174402574 0.00146744339236
36.3762063419 0.00145937524949
36.4349724265 0.00147741784445
36.493738511 0.00146065873773
36.5525045956 0.00145605684135
36.6112706801 0.00148311772902
36.6700367647 0.00146407869831
36.7288028493 0.00145665450422
36.7875689338 0.00147737886575
36.8463350184 0.00147581159474
36.9051011029 0.00146755289778
36.9638671875 0.00148426463134
37.0226332721 0.00144057262116
37.0813993566 0.00150169865834
37.1401654412 0.0014852723426
37.1989315257 0.00134686806581
37.2576976103 0.0015309152267
37.3164636949 0.0014820092181
37.3752297794 0.00148538040522
37.433995864 0.0015023563869
37.4927619485 0.00151605306996
37.5515280331 0.00151421615648
37.6102941176 0.00156034416689
37.6690602022 0.00155000445077
37.7278262868 0.0015057643519
37.7865923713 0.0016900910453
37.8453584559 0.00159522511207
37.9041245404 0.00148279641135
37.962890625 0.00145345904966
38.0216567096 0.00148745155526
38.0804227941 0.00154941795316
38.1391888787 0.00143500420977
38.1979549632 0.00139712652234
38.2567210478 0.0018450482234
38.3154871324 0.00146633962205
38.3742532169 0.0012687884607
38.4330193015 0.0027095951275
38.491785386 0.00184039493272
38.5505514706 0.00192916685177
38.6093175551 0.00213052838344
38.6680836397 0.00174484864167
38.7268497243 0.00218960494966
38.7856158088 0.00292560052855
38.8443818934 0.000674348068515
38.9031479779 0.00222380190188
38.9619140625 0.00436446600177
39.0206801471 0.0048420177661
39.0794462316 0.000490911008985
39.1382123162 0.000466712717113
39.1969784007 0.000556267918319
39.2557444853 0.00073821621086
39.3145105699 0.00120310441234
39.3732766544 0.00294627358349
39.432042739 0.00401376256982
39.4908088235 0.00161410751891
39.5495749081 0.0073508064462
39.6083409926 0.0194280508448
39.6671070772 0.00618590825324
39.7258731618 0.00384331514373
39.7846392463 0.00479885235744
39.8434053309 0.00357166031039
39.9021714154 0.00300382941326
39.9609375 0.00342040029304
40.0197035846 0.00309259912357
40.0784696691 0.00276491071881
40.1372357537 0.0031138685213
40.1960018382 0.00309811165815
40.2547679228 0.00274166278929
40.3135340074 0.0032285188255
40.3723000919 0.00355060479107
40.4310661765 0.00278887878328
40.489832261 0.0039304156917
40.5485983456 0.00561619198323
40.6073644301 0.00150383393922
40.6661305147 0.00448980300162
40.7248965993 0.0106679402468
40.7836626838 0.0191842070185
40.8424287684 0.00370089510768
40.9011948529 0.0012230569749
40.9599609375 0.00195875335564
41.0187270221 0.000863624710466
41.0774931066 0.000379551760026
41.1362591912 0.000302146682306
41.1950252757 0.0019485201531
41.2537913603 0.000572262715412
41.3125574449 0.00230823795677
41.3713235294 0.00929769803798
41.430089614 0.00320213829364
41.4888556985 0.00225043960362
41.5476217831 0.00263211597832
41.6063878676 0.00208456722828
41.6651539522 0.00192820925642
41.7239200368 0.0022095397065
41.7826861213 0.00172820034531
41.8414522059 0.0019026041778
41.9002182904 0.0024685682416
41.958984375 0.000422251466861
42.0177504596 0.00137142391261
42.0765165441 0.00160118811654
42.1352826287 0.00151807724537
42.1940487132 0.00156527602494
42.2528147978 0.00165459875667
42.3115808824 0.00165287851995
42.3703469669 0.00166025524069
42.4291130515 0.00168077434747
42.487879136 0.00187982542191
42.5466452206 0.00190286625797
42.6054113051 0.00153481912995
42.6641773897 0.0016406265644
42.7229434743 0.00163714434422
42.7817095588 0.00166304793606
42.8404756434 0.00166905229909
42.8992417279 0.00166962080955
42.9580078125 0.00162788880592
43.0167738971 0.00168468790451
43.0755399816 0.00173352044806
43.1343060662 0.00149115726571
43.1930721507 0.00183575983009
43.2518382353 0.0017792135869
43.3106043199 0.00176055157276
43.3693704044 0.00175329912844
43.428136489 0.0017354753794
43.4869025735 0.00176494427748
43.5456686581 0.00177236539355
43.6044347426 0.00174584428951
43.6632008272 0.00175187373383
43.7219669118 0.0018929623061
43.7807329963 0.00183918340771
43.8394990809 0.00181985664174
43.8982651654 0.00183095438548
43.95703125 0.0018113032012
44.0157973346 0.00181941021154
44.0745634191 0.00178954231127
44.1333295037 0.00182384243392
44.1920955882 0.00182038508521
44.2508616728 0.00176470404343
44.3096277574 0.00171348514633
44.3683938419 0.00180310444612
44.4271599265 0.00189945676088
44.485926011 0.00187136929645
44.5446920956 0.00191824851412
44.6034581801 0.00193023525461
44.6622242647 0.0019786034728
44.7209903493 0.00187200395217
44.7797564338 0.00200758592024
44.8385225184 0.00237077272285
44.8972886029 0.00168131919389
44.9560546875 0.00192909009494
45.0148207721 0.00187334176792
45.0735868566 0.00195458743971
45.1323529412 0.00192583566396
45.1911190257 0.00194695994307
45.2498851103 0.00197648144001
45.3086511949 0.00197255912604
45.3674172794 0.0020083148846
45.426183364 0.00189238566959
45.4849494485 0.00262640291171
45.5437155331 0.00182089493691
45.6024816176 0.00186692321769
45.6612477022 0.00200419272079
45.7200137868 0.00196330526545
45.7787798713 0.00196494944648
45.8375459559 0.00193126771339
45.8963120404 0.00198982534402
45.955078125 0.00190664376497
46.0138442096 0.0019420838291
46.0726102941 0.00208449938415
46.1313763787 0.00215303636284
46.1901424632 0.0021295628471
46.2489085478 0.00209237479344
46.3076746324 0.00215081120342
46.3664407169 0.00213638177395
46.4252068015 0.00216142047299
46.483972886 0.00215127573604
46.5427389706 0.00213043396718
46.6015050551 0.00220947957623
46.6602711397 0.00226742815603
46.7190372243 0.00216991901172
46.7778033088 0.00220052751531
46.8365693934 0.00220323983909
46.8953354779 0.00218601110241
46.9541015625 0.00223022923478
47.0128676471 0.002231118658
47.0716337316 0.00225894618654
47.1303998162 0.00220683644968
47.1891659007 0.00186205178572
47.2479319853 0.00251288395983
47.3066980699 0.00225854940649
47.3654641544 0.00231174165221
47.424230239 0.00237967005724
47.4829963235 0.00238582990272
47.5417624081 0.00240003578634
47.6005284926 0.00241612959211
47.6592945772 0.00246267168762
47.7180606618 0.00246810195648
47.7768267463 0.00304932539666
47.8355928309 0.00252031130299
47.8943589154 0.00212962474684
47.953125 0.00225136000057
48.0118910846 0.00235975196089
48.0706571691 0.00243436337829
48.1294232537 0.00235529300731
48.1881893382 0.00240424072782
48.2469554228 0.00265444275225
48.3057215074 0.00229733841956
48.3644875919 0.00203256031953
48.4232536765 0.0064944066801
48.482019761 0.00317284671458
48.5407858456 0.00321591851787
48.5995519301 0.0033503546549
48.6583180147 0.00305147843621
48.7170840993 0.00352685348574
48.7758501838 0.00397638300232
48.8346162684 0.00286666794542
48.8933823529 0.00486915531339
48.9521484375 0.00820431961146
49.0109145221 0.0227159864266
49.0696806066 0.00170975242822
49.1284466912 0.000370175102931
49.1872127757 0.000746278349983
49.2459788603 0.00116684543574
49.3047449449 0.00191611302568
49.3635110294 0.00285840833404
49.422277114 0.00230393577156
49.4810431985 0.00566714722226
49.5398092831 0.0147231999488
49.5985753676 0.0796552503355
49.6573414522 0.0139875645198
49.7161075368 0.00846838891325
49.7748736213 0.00869648710844
49.8336397059 0.00632821894997
49.8924057904 0.00554921046585
49.951171875 0.0058606594225
50.0099379596 0.00527731432715
50.0687040441 0.00496446665623
50.1274701287 0.0053218482632
50.1862362132 0.00520924584491
50.2450022978 0.00497416428794
50.3037683824 0.00553309935123
50.3625344669 0.00576796744397
50.4213005515 0.00536968669797
50.480066636 0.00663124839238
50.5388327206 0.00774625600666
50.5975988051 0.00539237989387
50.6563648897 0.011082116246
50.7151309743 0.0212501507036
50.7738970588 0.0962517707267
50.8326631434 0.0108025179232
50.8914292279 0.00403400982865
50.9501953125 0.00379977735248
51.0089613971 0.00117141968635
51.0677274816 0.000329330039889
51.1264935662 2.72009021196e-05
51.1852596507 0.00137675425865
51.2440257353 0.00200388410609
51.3027918199 0.0057360809663
51.3615579044 0.0429680697594
51.420323989 0.00728581609019
51.4790900735 0.00476324237374
51.5378561581 0.00471622362977
51.5966222426 0.00372182178028
51.6553883272 0.00351880191536
51.7141544118 0.00377453824845
51.7729204963 0.00345771328883
51.8316865809 0.00372392376105
51.8904526654 0.00485264945905
51.94921875 0.00437519677917
52.0079848346 0.00225913942209
52.0667509191 0.00270186249673
52.1255170037 0.00270016524529
52.1842830882 0.00288779823518
52.2430491728 0.00307025813601
52.3018152574 0.00308959990093
52.3605813419 0.00320129751562
52.4193474265 0.00348826754729
52.478113511 0.00437340908785
52.5368795956 0.0041670141037
52.5956456801 0.00207026279121
52.6544117647 0.00298248126875
52.7131778493 0.00304256465338
52.7719439338 0.00319717552381
52.8307100184 0.00320547869251
52.8894761029 0.00322098736566
52.9482421875 0.0031575951833
53.0070082721 0.00329064403878
53.0657743566 0.00353712568441
53.1245404412 0.00254490603386
53.1833065257 0.0045741804692
53.2420726103 0.00398526983645
53.3008386949 0.0037931525294
53.3596047794 0.00371540527676
53.418370864 0.00370460403333
53.4771369485 0.00387754170064
53.5359030331 0.00379442254467
53.5946691176 0.00372390453054
53.6534352022 0.00374645921112
53.7122012868 0.00566729817875
53.7709673713 0.00489167239067
53.8297334559 0.00420893337687
53.8884995404 0.00437227239354
53.947265625 0.00418821771875
54.0060317096 0.0042247475983
54.0647977941 0.00411988837088
54.1235638787 0.00442688698031
54.1823299632 0.00425716177365
54.2410960478 0.00381279659622
54.2998621324 0.00363595050801
54.3586282169 0.00448993456643
54.4173943015 0.0051439418346
54.476160386 0.00488576246422
54.5349264706 0.0052846079201
54.5936925551 0.0051972558967
54.6524586397 0.00527228771407
54.7112247243 0.00518123877947
54.7699908088 0.00601773511744
54.8287568934 0.00814233917391
54.887